3.032733530972109293e-08,9.999999403953552246e-01
4.847143292427062988e-01,5.152855515480041504e-01
4.976714961230754852e-03,9.950231909751892090e-01
4.189575463533401489e-02,9.581043124198913574e-01
9.999766945838928223e-01,2.321407191629987210e-05
6.217586994171142578e-01,3.782413005828857422e-01
9.999987483024597168e-01,1.173550458588579204e-06
4.043335318565368652e-01,5.956664085388183594e-01
9.979311823844909668e-01,2.068815520033240318e-03
8.247742652893066406e-01,1.752257049083709717e-01
8.812418350601092243e-09,9.999999403953552246e-01
9.778500534594058990e-04,9.990220665931701660e-01
4.659157948339043287e-09,9.999999403953552246e-01
1.556833240101695992e-07,9.999998211860656738e-01
4.348588287830352783e-01,5.651412010192871094e-01
2.072997995128389448e-05,9.999791979789733887e-01
9.987421631813049316e-01,1.257909112609922886e-03
9.872805476188659668e-01,1.271949335932731628e-02
9.994112253189086914e-01,5.887706647627055645e-04
9.999971985816955566e-01,2.691202780624735169e-06
3.818241722797210969e-08,9.999999403953552246e-01
5.829960355185903609e-05,9.999416470527648926e-01
7.034354805946350098e-01,2.965645194053649902e-01
1.199432109189046969e-08,9.999999403953552246e-01
2.221076563000679016e-02,9.777892827987670898e-01
9.489516019821166992e-01,5.104839056730270386e-02
4.745042324066162109e-01,5.254957675933837891e-01
8.457307219505310059e-01,1.542692631483078003e-01
7.193389534950256348e-01,2.806610763072967529e-01
5.759785771369934082e-01,4.240213036537170410e-01
5.091017538094710915e-11,9.999999403953552246e-01
4.652996722143143415e-05,9.999534487724304199e-01
1.679177395999431610e-03,9.983207583427429199e-01
9.999935030937194824e-01,6.401822247426025569e-06
8.112840005196630955e-04,9.991887211799621582e-01
9.899195432662963867e-01,1.008043158799409866e-02
9.999827742576599121e-01,1.717238228593487293e-05
9.944653511047363281e-01,5.534613505005836487e-03
9.999994635581970215e-01,4.855093038713675924e-07
2.105455845594406128e-03,9.978945851325988770e-01
9.940938949584960938e-01,5.906010046601295471e-03
9.779571294784545898e-01,2.204294316470623016e-02
9.694745540618896484e-01,3.052551858127117157e-02
3.293971763923764229e-03,9.967060089111328125e-01
9.823914170265197754e-01,1.760860532522201538e-02
9.999883770942687988e-01,1.157356291514588520e-05
7.149816751480102539e-01,2.850183844566345215e-01
1.590538397431373596e-02,9.840945601463317871e-01
9.999992251396179199e-01,7.681200600018200930e-07
9.971531033515930176e-01,2.846860792487859726e-03
9.102883934974670410e-01,8.971160650253295898e-02
3.615428805351257324e-01,6.384570598602294922e-01
1.007750183343887329e-01,8.992249965667724609e-01
9.295318741351366043e-04,9.990704059600830078e-01
8.240536553785204887e-04,9.991759657859802246e-01
9.908409714698791504e-01,9.158948436379432678e-03
9.975285530090332031e-01,2.471409738063812256e-03
4.166195169091224670e-03,9.958338141441345215e-01
1.832583802752196789e-04,9.998166561126708984e-01
9.865667223930358887e-01,1.343329716473817825e-02
1.853920370340347290e-01,8.146078586578369141e-01
9.999991059303283691e-01,8.334818630828522146e-07
5.636778473854064941e-02,9.436321854591369629e-01
8.885428309440612793e-01,1.114571318030357361e-01
9.195668697357177734e-01,8.043304085731506348e-02
9.871435761451721191e-01,1.285644154995679855e-02
9.996271729469299316e-01,3.728669253177940845e-04
9.975819587707519531e-01,2.418058458715677261e-03
1.181143943540519103e-06,9.999987483024597168e-01
4.195062518119812012e-01,5.804937481880187988e-01
9.999999403953552246e-01,6.840348842906962545e-10
6.855981060649440906e-11,9.999999403953552246e-01
9.775143861770629883e-01,2.248546108603477478e-02
5.789206988993100822e-05,9.999420046806335449e-01
9.986271262168884277e-01,1.372802536934614182e-03
8.580413460731506348e-01,1.419586092233657837e-01
1.003638753900304437e-04,9.998995661735534668e-01
9.829255938529968262e-01,1.707447320222854614e-02
1.359144598245620728e-01,8.640855550765991211e-01
2.244949042797088623e-01,7.755051255226135254e-01
3.028471171855926514e-01,6.971528530120849609e-01
1.177388578653335571e-01,8.822611570358276367e-01
9.999968409538269043e-01,3.116999778285389766e-06
9.992141127586364746e-01,7.858879980631172657e-04
1.461489126086235046e-03,9.985384345054626465e-01
9.998190402984619141e-01,1.809571695048362017e-04
9.999937415122985840e-01,6.219540864549344406e-06
9.144518971443176270e-01,8.554818481206893921e-02
4.537337008514441550e-05,9.999545216560363770e-01
6.815304160118103027e-01,3.184695243835449219e-01
9.999539256095886230e-01,4.600934698828496039e-05
2.037030526480521075e-06,9.999979138374328613e-01
9.997396469116210938e-01,2.604309411253780127e-04
4.309720546007156372e-02,9.569027423858642578e-01
1.470188647508621216e-01,8.529810905456542969e-01
9.956176280975341797e-01,4.382355604320764542e-03
9.994207620620727539e-01,5.791016737930476665e-04
3.937518613383872434e-06,9.999960064888000488e-01
1.917212605476379395e-01,8.082787990570068359e-01
1.843315921723842621e-02,9.815669059753417969e-01
7.950966358184814453e-01,2.049033492803573608e-01
8.064391613006591797e-01,1.935608536005020142e-01
1.272220909595489502e-01,8.727778792381286621e-01
8.646945655345916748e-02,9.135305285453796387e-01
3.808015584945678711e-01,6.191984415054321289e-01
9.995693564414978027e-01,4.306749324314296246e-04
9.271872043609619141e-01,7.281274348497390747e-02
9.997105598449707031e-01,2.894253702834248543e-04
7.488149549317313358e-06,9.999924302101135254e-01
9.998044967651367188e-01,1.955894840648397803e-04
5.367491859942674637e-03,9.946324229240417480e-01
2.569825947284698486e-01,7.430174350738525391e-01
6.698472499847412109e-01,3.301527202129364014e-01
2.074933843687176704e-03,9.979249835014343262e-01
2.914871721770850854e-08,9.999999403953552246e-01
9.037070870399475098e-01,9.629287570714950562e-02
2.624557737362920307e-06,9.999973177909851074e-01
1.692587858997285366e-03,9.983074665069580078e-01
5.937781929969787598e-01,4.062218368053436279e-01
6.119251251220703125e-03,9.938807487487792969e-01
9.999604821205139160e-01,3.941491013392806053e-05
9.871154427528381348e-01,1.288452092558145523e-02
4.807018041610717773e-01,5.192982554435729980e-01
9.153788685798645020e-01,8.462110906839370728e-02
3.058386255361256190e-07,9.999995827674865723e-01
1.064324155449867249e-01,8.935675621032714844e-01
2.077664794342126697e-05,9.999791979789733887e-01
9.995817542076110840e-01,4.182397096883505583e-04
9.699827432632446289e-01,3.001722134649753571e-02
6.909869313240051270e-01,3.090130686759948730e-01
4.996348434360697865e-05,9.999499917030334473e-01
9.999994635581970215e-01,4.894964149571023881e-07
4.718219497590325773e-05,9.999527335166931152e-01
9.675819277763366699e-01,3.241813927888870239e-02
9.997789859771728516e-01,2.211343380622565746e-04
4.075319031212774543e-15,9.999999403953552246e-01
9.999988675117492676e-01,1.094274239221704192e-06
4.759022034704685211e-03,9.952409863471984863e-01
1.509170085191726685e-01,8.490830063819885254e-01
4.222361743450164795e-02,9.577763080596923828e-01
9.999999403953552246e-01,2.495667317248262407e-08
1.316145426244474947e-05,9.999868273735046387e-01
7.144558246885077124e-14,9.999999403953552246e-01
2.587033212184906006e-01,7.412967085838317871e-01
9.996557235717773438e-01,3.443154564592987299e-04
9.997575283050537109e-01,2.424803387839347124e-04
4.272905061952769756e-05,9.999572634696960449e-01
8.389269351027905941e-05,9.999160170555114746e-01
9.999825358390808105e-01,1.740033803798723966e-05
9.965716600418090820e-01,3.428192576393485069e-03
4.033755660057067871e-01,5.966243743896484375e-01
9.905970692634582520e-01,9.402906522154808044e-03
2.726992368698120117e-01,7.273007035255432129e-01
2.167989987356122583e-05,9.999782443046569824e-01
3.618684783577919006e-02,9.638131856918334961e-01
9.997897148132324219e-01,2.104002633132040501e-04
9.952871799468994141e-01,4.712779074907302856e-03
9.977874159812927246e-01,2.212587278336286545e-03
3.075279891490936279e-01,6.924720406532287598e-01
4.167115688323974609e-01,5.832883715629577637e-01
9.999979138374328613e-01,2.028910785156767815e-06
9.901144504547119141e-01,9.885514155030250549e-03
3.258513736614787604e-10,9.999999403953552246e-01
5.087678879499435425e-02,9.491231441497802734e-01
1.185983512550592422e-02,9.881401062011718750e-01
9.547683000564575195e-01,4.523170366883277893e-02
6.836059619672596455e-04,9.993163943290710449e-01
3.145765364170074463e-01,6.854234933853149414e-01
8.054695725440979004e-01,1.945304423570632935e-01
3.685182309709489346e-05,9.999631047248840332e-01
9.948204159736633301e-01,5.179646424949169159e-03
3.133801551591375301e-10,9.999999403953552246e-01
9.998831152915954590e-01,1.168348608189262450e-04
9.996582269668579102e-01,3.417974803596735001e-04
9.999968409538269043e-01,3.130685854557668790e-06
8.937005996704101562e-01,1.062994450330734253e-01
9.970600605010986328e-01,2.939861966297030449e-03
9.999902844429016113e-01,9.709161531645804644e-06
9.915807843208312988e-01,8.419160731136798859e-03
9.999902844429016113e-01,9.688536010798998177e-06
1.820353791117668152e-02,9.817963242530822754e-01
9.647685289382934570e-01,3.523153811693191528e-02
9.170553684234619141e-01,8.294462412595748901e-02
1.261945641317652189e-07,9.999998211860656738e-01
9.999999403953552246e-01,9.831262914872240799e-09
9.999949336051940918e-01,4.989927674614591524e-06
9.998909831047058105e-01,1.089135184884071350e-04
1.153374729057077275e-08,9.999999403953552246e-01
5.911429524421691895e-01,4.088569879531860352e-01
8.189619183540344238e-01,1.810380369424819946e-01
9.844957590103149414e-01,1.550425868481397629e-02
9.999966025352478027e-01,3.282917305114096962e-06
9.999951720237731934e-01,4.731132776214508340e-06
4.657022655010223389e-04,9.995343089103698730e-01
9.999974370002746582e-01,2.485000095475697890e-06
9.999983906745910645e-01,1.588258442097867373e-06
2.271821619714842200e-10,9.999999403953552246e-01
1.384230507994743675e-10,9.999999403953552246e-01
4.199514687061309814e-01,5.800485014915466309e-01
9.917498230934143066e-01,8.250115439295768738e-03
3.969305453210836276e-06,9.999960064888000488e-01
9.993603825569152832e-01,6.396360113285481930e-04
3.423519454037737830e-11,9.999999403953552246e-01
7.463040351867675781e-01,2.536959648132324219e-01
9.999806284904479980e-01,1.936414810188580304e-05
2.368676476180553436e-02,9.763132333755493164e-01
9.961318373680114746e-01,3.868159838020801544e-03
6.205480694770812988e-01,3.794519603252410889e-01
9.839985966682434082e-01,1.600132696330547333e-02
9.897702932357788086e-01,1.022968254983425140e-02
9.995332360267639160e-01,4.666756431106477976e-04
4.915317042275546555e-10,9.999999403953552246e-01
9.680999517440795898e-01,3.190012648701667786e-02
7.575914263725280762e-02,9.242408871650695801e-01
2.495658191800183288e-19,9.999999403953552246e-01
9.973767399787902832e-01,2.623171545565128326e-03
9.858276247978210449e-01,1.417240686714649200e-02
9.990741014480590820e-01,9.259114158339798450e-04
2.043094937675959955e-08,9.999999403953552246e-01
6.789260660298168659e-04,9.993210434913635254e-01
9.988090395927429199e-01,1.190965762361884117e-03
1.970678340512677096e-06,9.999979138374328613e-01
9.974762797355651855e-01,2.523671369999647141e-03
2.646368145942687988e-01,7.353630661964416504e-01
5.407201242633163929e-04,9.994593858718872070e-01
6.633474826812744141e-01,3.366523981094360352e-01
9.996812343597412109e-01,3.188006230629980564e-04
1.365923732519149780e-01,8.634075522422790527e-01
8.244059301887318725e-08,9.999998211860656738e-01
3.050535619258880615e-01,6.949464082717895508e-01
9.999998211860656738e-01,1.476641955377999693e-07
9.999957680702209473e-01,4.168401119386544451e-06
7.276081014424562454e-03,9.927238821983337402e-01
1.031558066606521606e-01,8.968441486358642578e-01
9.998559951782226562e-01,1.440271880710497499e-04
8.506053127348423004e-03,9.914939403533935547e-01
4.995274543762207031e-02,9.500473141670227051e-01
1.316818361374316737e-05,9.999868273735046387e-01
1.364884432405233383e-03,9.986351132392883301e-01
9.999980330467224121e-01,1.965876890608342364e-06
8.492016792297363281e-01,1.507983207702636719e-01
4.520596470683813095e-03,9.954792857170104980e-01
4.131842553615570068e-01,5.868157148361206055e-01
1.973774051293730736e-03,9.980261325836181641e-01
1.658467946308306296e-10,9.999999403953552246e-01
1.338531507855122982e-10,9.999999403953552246e-01
1.368363791698357090e-05,9.999862313270568848e-01
9.995127320289611816e-01,4.871660785283893347e-04
9.750398397445678711e-01,2.496012486517429352e-02
7.688221587143218017e-12,9.999999403953552246e-01
9.932557940483093262e-01,6.744152400642633438e-03
4.667559862136840820e-01,5.332439541816711426e-01
3.420628607273101807e-03,9.965792298316955566e-01
1.588660979027003983e-13,9.999999403953552246e-01
9.999998211860656738e-01,1.633212889373680810e-07
2.831353413057513535e-05,9.999715685844421387e-01
9.999979138374328613e-01,2.004023144763777964e-06
9.955559372901916504e-01,4.444109741598367691e-03
4.627160131931304932e-01,5.372839570045471191e-01
9.964813590049743652e-01,3.518680343404412270e-03
2.217815108451759443e-06,9.999976754188537598e-01
9.991925358772277832e-01,8.075213991105556488e-04
1.890929415822029114e-02,9.810906648635864258e-01
4.582024121191352606e-05,9.999541640281677246e-01
9.723976850509643555e-01,2.760221995413303375e-02
9.969292879104614258e-01,3.070633858442306519e-03
9.999894499778747559e-01,1.051995695888763294e-05
9.510670304298400879e-01,4.893293976783752441e-02
4.122634038594696904e-07,9.999995827674865723e-01
9.993365406990051270e-01,6.634399178437888622e-04
2.826991677284240723e-01,7.173008322715759277e-01
2.722713649272918701e-01,7.277286052703857422e-01
2.214174266157442617e-08,9.999999403953552246e-01
9.999999403953552246e-01,1.335247329370403691e-10
8.317213654518127441e-01,1.682786792516708374e-01
5.479718446731567383e-01,4.520280361175537109e-01
3.815438598394393921e-02,9.618455767631530762e-01
9.602611064910888672e-01,3.973887860774993896e-02
7.182101011276245117e-01,2.817899882793426514e-01
9.999992251396179199e-01,6.950792794668814167e-07
4.914501309394836426e-01,5.085498094558715820e-01
9.993280768394470215e-01,6.718630902469158173e-04
9.766103466972708702e-04,9.990233778953552246e-01
6.288548111915588379e-01,3.711451292037963867e-01
9.784526228904724121e-01,2.154741063714027405e-02
1.950826309621334076e-02,9.804916977882385254e-01
9.999694228172302246e-01,3.054437547689303756e-05
9.997704029083251953e-01,2.296667516930028796e-04
2.821523230522871017e-03,9.971784353256225586e-01
9.977445602416992188e-01,2.255409024655818939e-03
9.517969489097595215e-01,4.820302873849868774e-02
8.364733794508083520e-09,9.999999403953552246e-01
9.994952082633972168e-01,5.047136801294982433e-04
1.478118156228447333e-05,9.999851584434509277e-01
4.187243878841400146e-01,5.812756419181823730e-01
9.937309622764587402e-01,6.268990226089954376e-03
5.271736380763059060e-10,9.999999403953552246e-01
3.378557041287422180e-02,9.662143588066101074e-01
2.197189023718237877e-03,9.978027343750000000e-01
2.286801361606194405e-07,9.999997019767761230e-01
9.999999403953552246e-01,1.721961129241833532e-09
9.900169372558593750e-01,9.982970543205738068e-03
9.997432231903076172e-01,2.568832424003630877e-04
1.123082414269447327e-01,8.876917362213134766e-01
1.043201118591241539e-04,9.998956322669982910e-01
7.646290063858032227e-01,2.353709638118743896e-01
9.983976483345031738e-01,1.602327683940529823e-03
4.861486554145812988e-01,5.138513445854187012e-01
9.999987483024597168e-01,1.186405938824464101e-06
9.999933838844299316e-01,6.605994713027030230e-06
5.777261853218078613e-01,4.222737550735473633e-01
1.563944533700123429e-05,9.999843239784240723e-01
8.058685660362243652e-01,1.941314041614532471e-01
3.222697228193283081e-02,9.677729606628417969e-01
3.872542679309844971e-01,6.127457022666931152e-01
9.999752640724182129e-01,2.467066769895609468e-05
2.057962774415500462e-06,9.999979138374328613e-01
9.997148513793945312e-01,2.852453326340764761e-04
8.348483443260192871e-01,1.651516556739807129e-01
4.084232077002525330e-02,9.591577053070068359e-01
2.848088741302490234e-03,9.971517920494079590e-01
9.956448078155517578e-01,4.355108365416526794e-03
7.802668213844299316e-01,2.197331190109252930e-01
1.689637283561751246e-04,9.998309612274169922e-01
9.981208443641662598e-01,1.879149815067648888e-03
8.543522653781110421e-07,9.999991059303283691e-01
2.119262069463729858e-01,7.880737185478210449e-01
3.170181798850535415e-06,9.999967217445373535e-01
9.671582374721765518e-04,9.990327954292297363e-01
9.999592900276184082e-01,4.060642459080554545e-05
8.471794724464416504e-01,1.528206169605255127e-01
9.967875480651855469e-01,3.212507581338286400e-03
9.999995827674865723e-01,3.764243956538848579e-07
2.177248010411858559e-03,9.978227019309997559e-01
9.999358057975769043e-01,6.416155520128086209e-05
1.042246297001838684e-01,8.957753181457519531e-01
3.102009650319814682e-03,9.968979358673095703e-01
9.828023314476013184e-01,1.719770021736621857e-02
9.999967217445373535e-01,3.223675548724713735e-06
8.193495159503072500e-05,9.999180436134338379e-01
8.705324144102632999e-04,9.991294145584106445e-01
6.710388697683811188e-04,9.993289113044738770e-01
4.535484401241296482e-12,9.999999403953552246e-01
4.859287194847183855e-09,9.999999403953552246e-01
9.241215586662292480e-01,7.587842643260955811e-02
9.999997019767761230e-01,1.930873025912660523e-07
9.996535778045654297e-01,3.464158799033612013e-04
9.998858571052551270e-01,1.140529711847193539e-04
9.998130798339843750e-01,1.869632396847009659e-04
9.990066885948181152e-01,9.931677486747503281e-04
6.724678769387537614e-08,9.999998211860656738e-01
9.930739402770996094e-01,6.926065310835838318e-03
2.512115538120269775e-01,7.487884163856506348e-01
2.377779921516776085e-03,9.976221919059753418e-01
9.999285340309143066e-01,7.139905937947332859e-05
9.990664720535278320e-01,9.334431379102170467e-04
9.967197179794311523e-01,3.280291100963950157e-03
2.045298652664229166e-11,9.999999403953552246e-01
6.666377186775207520e-01,3.333623409271240234e-01
9.999846816062927246e-01,1.530160079710185528e-05
5.573207736015319824e-01,4.426792263984680176e-01
3.222131868824362755e-03,9.967778325080871582e-01
9.980642199516296387e-01,1.935834181495010853e-03
3.735790960490703583e-03,9.962641596794128418e-01
9.256359934806823730e-01,7.436401396989822388e-02
1.401467900723218918e-02,9.859853386878967285e-01
9.999968409538269043e-01,3.066147428398835473e-06
9.428457356989383698e-03,9.905715584754943848e-01
4.806150286640331615e-07,9.999994635581970215e-01
9.758027791976928711e-01,2.419718727469444275e-02
7.855340242385864258e-01,2.144659161567687988e-01
6.566395051777362823e-03,9.934335350990295410e-01
5.369306802749633789e-01,4.630692601203918457e-01
7.169941663742065430e-01,2.830058932304382324e-01
9.999999403953552246e-01,6.027309901179833673e-11
7.485373020172119141e-01,2.514627575874328613e-01
5.804827669635415077e-04,9.994195699691772461e-01
6.764524150639772415e-03,9.932355284690856934e-01
2.022486005444079638e-04,9.997978210449218750e-01
1.214627027511596680e-01,8.785373568534851074e-01
9.114683866500854492e-01,8.853150904178619385e-02
8.087807297706604004e-01,1.912193149328231812e-01
9.979442954063415527e-01,2.055745106190443039e-03
4.717228989647992421e-07,9.999994635581970215e-01
9.482288360595703125e-01,5.177111551165580750e-02
7.725542187690734863e-01,2.274457663297653198e-01
9.276679158210754395e-02,9.072332382202148438e-01
5.605888304671680089e-07,9.999993443489074707e-01
9.997730255126953125e-01,2.268974931212142110e-04
3.541038895491510630e-04,9.996459484100341797e-01
9.999415278434753418e-01,5.841624806635081768e-05
1.298123097512871027e-04,9.998703002929687500e-01
5.451010292745195329e-05,9.999454617500305176e-01
9.999999403953552246e-01,5.756539992948783713e-13
9.940561056137084961e-01,5.943823605775833130e-03
1.010838532238267362e-04,9.998988509178161621e-01
9.998369216918945312e-01,1.631243503652513027e-04
1.018007635138928890e-03,9.989819526672363281e-01
9.240372180938720703e-01,7.596277445554733276e-02
4.666845197789371014e-04,9.995332360267639160e-01
9.985152482986450195e-01,1.484777545556426048e-03
9.992332458496093750e-01,7.668140460737049580e-04
9.974081516265869141e-01,2.591901458799839020e-03
2.405204810202121735e-02,9.759479761123657227e-01
9.999986290931701660e-01,1.312940980824350845e-06
9.995651841163635254e-01,4.347668145783245564e-04
9.981544017791748047e-01,1.845697406679391861e-03
9.999975562095642090e-01,2.427379968139575794e-06
9.110483527183532715e-01,8.895154297351837158e-02
3.550003668806311907e-07,9.999995827674865723e-01
9.280834794044494629e-01,7.191655039787292480e-02
1.328640841791184357e-08,9.999999403953552246e-01
4.519486725330352783e-01,5.480513572692871094e-01
3.804317966569215059e-04,9.996195435523986816e-01
9.907352328300476074e-01,9.264676831662654877e-03
9.123773574829101562e-01,8.762266486883163452e-02
9.826018214225769043e-01,1.739826612174510956e-02
9.999815821647644043e-01,1.836872979765757918e-05
1.554042864881921560e-05,9.999844431877136230e-01
4.865596443414688110e-02,9.513440132141113281e-01
9.807433485984802246e-01,1.925663463771343231e-02
9.911674261093139648e-01,8.832493796944618225e-03
5.889404416084289551e-01,4.110595285892486572e-01
9.996421337127685547e-01,3.578391333576291800e-04
9.999998211860656738e-01,6.976440403150263592e-08
4.092894494533538818e-02,9.590710401535034180e-01
9.824665188789367676e-01,1.753348484635353088e-02
9.892737269401550293e-01,1.072624884545803070e-02
9.999954104423522949e-01,4.542962869891198352e-06
7.889458174759056419e-06,9.999920725822448730e-01
3.034424483776092529e-01,6.965576410293579102e-01
7.229908835142850876e-03,9.927700757980346680e-01
1.333234855849241285e-09,9.999999403953552246e-01
6.436181068420410156e-01,3.563818335533142090e-01
6.016938686370849609e-01,3.983061611652374268e-01
1.936704356921836734e-04,9.998064041137695312e-01
1.179402694106101990e-02,9.882060885429382324e-01
9.997332096099853516e-01,2.668274391908198595e-04
9.631423354148864746e-01,3.685766831040382385e-02
9.802942872047424316e-01,1.970569789409637451e-02
9.999999403953552246e-01,1.748059891282238709e-10
4.927712780045112595e-06,9.999950528144836426e-01
9.165862798690795898e-01,8.341368287801742554e-02
3.928347304463386536e-02,9.607166051864624023e-01
9.999355673789978027e-01,6.440313882194459438e-05
9.996219277381896973e-01,3.781293344218283892e-04
5.952102242190449033e-07,9.999993443489074707e-01
1.784106492996215820e-01,8.215893507003784180e-01
9.756441116333007812e-01,2.435588836669921875e-02
9.971737861633300781e-01,2.826193114742636681e-03
9.989812374114990234e-01,1.018850947730243206e-03
9.753971099853515625e-01,2.460292726755142212e-02
5.723331868648529053e-02,9.427667856216430664e-01
1.486054211854934692e-01,8.513946533203125000e-01
9.999701380729675293e-01,2.980112185468897223e-05
8.587794899940490723e-01,1.412205100059509277e-01
3.049826613477080173e-09,9.999999403953552246e-01
9.743849635124206543e-01,2.561498992145061493e-02
8.778102397918701172e-01,1.221898421645164490e-01
9.999225735664367676e-01,7.739892316749319434e-05
9.763264656066894531e-01,2.367355115711688995e-02
9.999999403953552246e-01,1.783520137133010053e-10
3.819513040070887655e-06,9.999961256980895996e-01
3.446729183197021484e-01,6.553272008895874023e-01
8.155310524671222083e-07,9.999991059303283691e-01
8.126645190120740381e-11,9.999999403953552246e-01
2.279702897567403852e-07,9.999997019767761230e-01
9.823666214942932129e-01,1.763332635164260864e-02
1.754687974780955173e-13,9.999999403953552246e-01
7.048174142837524414e-01,2.951825857162475586e-01
9.980384707450866699e-01,1.961459871381521225e-03
5.109808407723903656e-03,9.948902726173400879e-01
5.081876679469132796e-07,9.999994635581970215e-01
8.700047135353088379e-01,1.299952119588851929e-01
9.996133446693420410e-01,3.866324550472199917e-04
9.999724030494689941e-01,2.750236126303207129e-05
9.608738422393798828e-01,3.912605345249176025e-02
4.528463818132877350e-03,9.954715371131896973e-01
2.081045182421803474e-03,9.979190826416015625e-01
2.753993496298789978e-03,9.972459673881530762e-01
1.256320625543594360e-03,9.987437129020690918e-01
6.463518738746643066e-01,3.536480367183685303e-01
1.193451865111327947e-10,9.999999403953552246e-01
8.608927726745605469e-01,1.391072273254394531e-01
9.996711015701293945e-01,3.288637963123619556e-04
6.286409497261047363e-01,3.713590502738952637e-01
9.999971985816955566e-01,2.695060402402305044e-06
1.399466498241963563e-07,9.999998211860656738e-01
5.651203393936157227e-01,4.348796606063842773e-01
9.999991059303283691e-01,8.167359055732958950e-07
9.992733001708984375e-01,7.267638575285673141e-04
6.180891990661621094e-01,3.819107711315155029e-01
9.994591474533081055e-01,5.408138385973870754e-04
2.505062520503997803e-01,7.494937777519226074e-01
9.945799112319946289e-01,5.420080851763486862e-03
1.986037823371589184e-04,9.998013973236083984e-01
3.093663253821432590e-04,9.996906518936157227e-01
9.990347027778625488e-01,9.653079323470592499e-04
6.421144008636474609e-01,3.578855395317077637e-01
6.949969974812120199e-05,9.999304413795471191e-01
4.513949155807495117e-01,5.486050248146057129e-01
8.396982593694701791e-06,9.999915957450866699e-01
9.438418745994567871e-01,5.615813657641410828e-02
9.999853968620300293e-01,1.459453869756544009e-05
6.923819455550983548e-06,9.999930262565612793e-01
9.999825358390808105e-01,1.735668411129154265e-05
1.059694681316614151e-02,9.894029498100280762e-01
9.947347640991210938e-01,5.265316460281610489e-03
9.610866904258728027e-01,3.891326487064361572e-02
3.860550634726678254e-07,9.999995827674865723e-01
9.139478206634521484e-03,9.908603429794311523e-01
8.187375068664550781e-01,1.812625825405120850e-01
4.520079528447240591e-06,9.999954104423522949e-01
9.991844296455383301e-01,8.156159310601651669e-04
2.244415692985057831e-03,9.977555274963378906e-01
9.914538860321044922e-01,8.546103723347187042e-03
2.402678092039423063e-07,9.999997019767761230e-01
9.999999403953552246e-01,4.230166439356253250e-08
1.029183939099311829e-01,8.970816135406494141e-01
3.090729471296072006e-03,9.969093799591064453e-01
9.992250800132751465e-01,7.749851793050765991e-04
9.925085306167602539e-01,7.491382304579019547e-03
9.995868802070617676e-01,4.131408059038221836e-04
4.062755703926086426e-01,5.937244296073913574e-01
8.591036796569824219e-01,1.408963501453399658e-01
9.978947043418884277e-01,2.105305436998605728e-03
9.979273676872253418e-01,2.072628820315003395e-03
3.982622001785784960e-05,9.999601244926452637e-01
9.988024234771728516e-01,1.197702367790043354e-03
9.999999403953552246e-01,1.518877690287467885e-09
4.535684183792909607e-07,9.999994635581970215e-01
7.781364321708679199e-01,2.218636125326156616e-01
2.850200049579143524e-02,9.714979529380798340e-01
2.301493892446160316e-03,9.976985454559326172e-01
9.950540065765380859e-01,4.945922177284955978e-03
9.988683462142944336e-01,1.131739700213074684e-03
2.019202895462512970e-02,9.798078536987304688e-01
9.964794516563415527e-01,3.520622383803129196e-03
9.999999403953552246e-01,6.033962218765509533e-10
9.966363906860351562e-01,3.363633295521140099e-03
9.999544024467468262e-01,4.549164805212058127e-05
6.756970286369323730e-02,9.324302673339843750e-01
9.999997019767761230e-01,2.429982544072117889e-07
7.123942971229553223e-01,2.876056134700775146e-01
2.245086943730711937e-05,9.999775290489196777e-01
5.981926005915738642e-05,9.999400973320007324e-01
9.999961256980895996e-01,3.837066742562456056e-06
9.999998211860656738e-01,1.366765047805529321e-07
1.145062888951997593e-08,9.999999403953552246e-01
2.711445558816194534e-04,9.997289180755615234e-01
4.676649405155330896e-04,9.995322823524475098e-01
2.911931835114955902e-03,9.970880746841430664e-01
9.999956488609313965e-01,4.293007805244997144e-06
9.995737671852111816e-01,4.262568545527756214e-04
6.454013288021087646e-03,9.935459494590759277e-01
9.993794560432434082e-01,6.205267272889614105e-04
9.971292018890380859e-01,2.870770869776606560e-03
2.408293634653091431e-02,9.759170413017272949e-01
7.011047005653381348e-01,2.988952696323394775e-01
9.951050281524658203e-01,4.894886165857315063e-03
8.871410489082336426e-01,1.128589808940887451e-01
9.924640655517578125e-01,7.535877171903848648e-03
9.985924959182739258e-01,1.407477073371410370e-03
9.996719360351562500e-01,3.281187964603304863e-04
5.223616608418524265e-04,9.994775652885437012e-01
1.000407151877880096e-03,9.989995360374450684e-01
2.767666010186076164e-03,9.972324371337890625e-01
9.909235835075378418e-01,9.076469577848911285e-03
4.130769812036305666e-04,9.995868802070617676e-01
1.904999613761901855e-01,8.095000386238098145e-01
9.996241927146911621e-01,3.758540260605514050e-04
9.439708590507507324e-01,5.602920055389404297e-02
9.695097208023071289e-01,3.049030341207981110e-02
2.838215550582390279e-06,9.999970793724060059e-01
9.999999403953552246e-01,5.533290448056504829e-08
9.999768137931823730e-01,2.314695848326664418e-05
9.999869465827941895e-01,1.298011466133175418e-05
9.999951720237731934e-01,4.717499450634932145e-06
9.998833537101745605e-01,1.165517751360312104e-04
9.980334639549255371e-01,1.966580981388688087e-03
9.987085461616516113e-01,1.291402732022106647e-03
9.965797066688537598e-01,3.420219291001558304e-03
1.115028571803122759e-04,9.998884797096252441e-01
9.969081878662109375e-01,3.091887338086962700e-03
4.258622527122497559e-01,5.741377472877502441e-01
4.058338329195976257e-02,9.594166278839111328e-01
8.965001702308654785e-01,1.034997478127479553e-01
6.718531847000122070e-01,3.281468451023101807e-01
9.998567104339599609e-01,1.433852012269198895e-04
3.946920856833457947e-02,9.605306982994079590e-01
4.028475331097070011e-09,9.999999403953552246e-01
2.496432716725394130e-05,9.999750256538391113e-01
9.998462200164794922e-01,1.537628413643687963e-04
4.785359778907150030e-04,9.995214343070983887e-01
6.941391229629516602e-01,3.058608472347259521e-01
5.407673961599357426e-05,9.999458193778991699e-01
9.999703764915466309e-01,2.952063914563041180e-05
7.700840830802917480e-01,2.299159616231918335e-01
9.946765303611755371e-01,5.323462188243865967e-03
8.751648294946789974e-09,9.999999403953552246e-01
9.995700716972351074e-01,4.299472202546894550e-04
1.085824319346784250e-09,9.999999403953552246e-01
1.484500318765640259e-01,8.515500426292419434e-01
6.824632287025451660e-01,3.175367414951324463e-01
9.929528236389160156e-01,7.047101855278015137e-03
1.619678077986463904e-04,9.998381137847900391e-01
4.223490655422210693e-01,5.776509642601013184e-01
7.647244334220886230e-01,2.352754473686218262e-01
9.999902844429016113e-01,9.710421181807760149e-06
9.999174475669860840e-01,8.244336640927940607e-05
9.999987483024597168e-01,1.197090455207217019e-06
9.288464188575744629e-01,7.115356624126434326e-02
2.109728567302227020e-02,9.789026975631713867e-01
9.994558095932006836e-01,5.441042594611644745e-04
2.140667736530303955e-01,7.859332561492919922e-01
7.113305855455109850e-08,9.999998211860656738e-01
3.792009875178337097e-02,9.620800018310546875e-01
1.115977102394971610e-10,9.999999403953552246e-01
5.732237241318216547e-06,9.999942183494567871e-01
2.048997430392773822e-06,9.999979138374328613e-01
9.987976551055908203e-01,1.202374580316245556e-03
9.999938607215881348e-01,6.063924047339241952e-06
9.999974370002746582e-01,2.464011458869208582e-06
2.137967152521014214e-03,9.978619813919067383e-01
4.233824908733367920e-01,5.766175389289855957e-01
5.267977118492126465e-01,4.732023477554321289e-01
9.998166561126708984e-01,1.834580616559833288e-04
1.654806081205606461e-03,9.983451366424560547e-01
3.862782250507734716e-06,9.999961256980895996e-01
9.999734759330749512e-01,2.650866190379019827e-05
9.999992251396179199e-01,7.063510452098853420e-07
3.476737737655639648e-01,6.523261666297912598e-01
3.699367046356201172e-01,6.300632953643798828e-01
9.982011914253234863e-01,1.798882032744586468e-03
9.171617627143859863e-01,8.283814787864685059e-02
7.367575541138648987e-03,9.926323890686035156e-01
3.679184179539163324e-10,9.999999403953552246e-01
4.533047895383113257e-11,9.999999403953552246e-01
9.999749064445495605e-01,2.505364318494684994e-05
3.630266524851322174e-03,9.963697195053100586e-01
8.590657114982604980e-01,1.409343183040618896e-01
1.635337071093090344e-06,9.999982714653015137e-01
9.998073577880859375e-01,1.926375844050198793e-04
9.298635721206665039e-01,7.013642042875289917e-02
5.593417957425117493e-02,9.440658092498779297e-01
4.377520084381103516e-01,5.622479915618896484e-01
8.094699122011661530e-03,9.919052720069885254e-01
9.999532103538513184e-01,4.670141788665205240e-05
9.999827742576599121e-01,1.715091093501541764e-05
9.999893307685852051e-01,1.060397153196390718e-05
8.545033633708953857e-03,9.914548993110656738e-01
4.779292908096977044e-07,9.999994635581970215e-01
9.469006210565567017e-02,9.053098559379577637e-01
4.990573972463607788e-03,9.950094223022460938e-01
1.064419448375701904e-01,8.935580849647521973e-01
4.438389586414182020e-11,9.999999403953552246e-01
3.866339000069274334e-07,9.999995827674865723e-01
9.953482747077941895e-01,4.651719704270362854e-03
9.999995827674865723e-01,3.522639246966718929e-07
3.833120465278625488e-01,6.166878342628479004e-01
4.100073169865936507e-07,9.999995827674865723e-01
8.230083584785461426e-01,1.769916415214538574e-01
9.998536109924316406e-01,1.463112421333789825e-04
5.880659728063619696e-07,9.999993443489074707e-01
7.118099019862711430e-04,9.992883205413818359e-01
9.846987724304199219e-01,1.530115120112895966e-02
1.297473013401031494e-01,8.702527284622192383e-01
9.959483742713928223e-01,4.051550757139921188e-03
6.127942015154985711e-06,9.999938607215881348e-01
9.435383677482604980e-01,5.646160244941711426e-02
9.998364448547363281e-01,1.636926172068342566e-04
3.476718068122863770e-01,6.523281931877136230e-01
6.968757510185241699e-01,3.031242191791534424e-01
9.410638809204101562e-01,5.893611535429954529e-02
9.999946951866149902e-01,5.266584139462793246e-06
3.759674349623765011e-09,9.999999403953552246e-01
1.406520698219537735e-02,9.859347939491271973e-01
1.265920931473374367e-03,9.987340569496154785e-01
2.580595293011356262e-09,9.999999403953552246e-01
9.999994635581970215e-01,4.876829393651860300e-07
4.446246847510337830e-02,9.555374979972839355e-01
6.435835957527160645e-01,3.564164042472839355e-01
6.338355888146907091e-05,9.999365210533142090e-01
9.793500900268554688e-01,2.064987830817699432e-02
8.002592325210571289e-01,1.997407674789428711e-01
9.959521889686584473e-01,4.047746770083904266e-03
8.267256021499633789e-01,1.732744723558425903e-01
9.993557333946228027e-01,6.442564190365374088e-04
9.999931454658508301e-01,6.810641025367658585e-06
9.997166395187377930e-01,2.833874314092099667e-04
7.315281778573989868e-02,9.268471598625183105e-01
1.386569056194275618e-04,9.998614788055419922e-01
4.955565202635625610e-08,9.999999403953552246e-01
9.794149994850158691e-01,2.058498933911323547e-02
9.113652706146240234e-01,8.863477408885955811e-02
9.965668916702270508e-01,3.433041041716933250e-03
4.230707883834838867e-02,9.576928615570068359e-01
8.610325455665588379e-01,1.389673799276351929e-01
8.585755825042724609e-01,1.414245516061782837e-01
9.999999403953552246e-01,2.500516682601983121e-09
9.966598153114318848e-01,3.340146737173199654e-03
9.969450235366821289e-01,3.054855391383171082e-03
9.408659338951110840e-01,5.913412198424339294e-02
6.334810853004455566e-01,3.665188550949096680e-01
9.812943637371063232e-03,9.901869893074035645e-01
5.161556403641964774e-13,9.999999403953552246e-01
1.398893306031823158e-03,9.986010789871215820e-01
7.195079233497381210e-04,9.992804527282714844e-01
4.991349764168262482e-03,9.950084686279296875e-01
9.947496056556701660e-01,5.250382237136363983e-03
3.719251981237903237e-05,9.999627470970153809e-01
9.995166659355163574e-01,4.832652630284428596e-04
9.983204007148742676e-01,1.679633161984384060e-03
9.999390244483947754e-01,6.085283530410379171e-05
1.421431516064330935e-04,9.998579025268554688e-01
6.611700076319948494e-09,9.999999403953552246e-01
1.015941464288516727e-07,9.999998211860656738e-01
9.999948143959045410e-01,5.100870112073607743e-06
9.206808805465698242e-01,7.931918650865554810e-02
9.808994531631469727e-01,1.910059899091720581e-02
9.960851669311523438e-01,3.914786502718925476e-03
9.711369872093200684e-01,2.886300534009933472e-02
8.638868927955627441e-01,1.361130774021148682e-01
9.997725486755371094e-01,2.273529098602011800e-04
1.420336775481700897e-03,9.985796213150024414e-01
2.111843059537932277e-06,9.999977946281433105e-01
6.193588972091674805e-01,3.806411325931549072e-01
6.130028367042541504e-01,3.869971036911010742e-01
4.890722271611025462e-10,9.999999403953552246e-01
2.763553559780120850e-01,7.236446142196655273e-01
2.093039711326127872e-06,9.999977946281433105e-01
9.306052327156066895e-02,9.069394469261169434e-01
9.999068379402160645e-01,9.307480650022625923e-05
1.065774413291364908e-04,9.998933672904968262e-01
1.162061840295791626e-01,8.837938308715820312e-01
9.319030141341499984e-06,9.999906420707702637e-01
9.999561905860900879e-01,4.379806341603398323e-05
2.056871913373470306e-02,9.794313311576843262e-01
9.999999403953552246e-01,4.857625968135437233e-10
9.806911349296569824e-01,1.930891908705234528e-02
1.360493673274731918e-08,9.999999403953552246e-01
9.954819083213806152e-01,4.518186207860708237e-03
9.996854066848754883e-01,3.146100789308547974e-04
5.911144762649200857e-05,9.999408125877380371e-01
9.841964244842529297e-01,1.580355875194072723e-02
9.997844696044921875e-01,2.155252732336521149e-04
8.996450304985046387e-01,1.003549695014953613e-01
9.999987483024597168e-01,1.184041252599854488e-06
9.999981522560119629e-01,1.791167164810758550e-06
9.999943375587463379e-01,5.586116458289325237e-06
9.999373555183410645e-01,6.257757922867313027e-05
9.999999403953552246e-01,6.010159037117546177e-11
5.765674114227294922e-01,4.234325587749481201e-01
9.999774098396301270e-01,2.254808896395843476e-05
9.364308714866638184e-01,6.356907635927200317e-02
3.553683683276176453e-02,9.644631743431091309e-01
9.572433512516909104e-09,9.999999403953552246e-01
2.292426526546478271e-01,7.707573771476745605e-01
1.333311549387872219e-03,9.986666440963745117e-01
9.995071291923522949e-01,4.927590489387512207e-04
1.297732349485158920e-02,9.870226979255676270e-01
9.999672770500183105e-01,3.270008528488688171e-05
5.872998386621475220e-03,9.941270351409912109e-01
9.596032500267028809e-01,4.039656743407249451e-02
9.997847080230712891e-01,2.153371169697493315e-04
9.988419413566589355e-01,1.158035011030733585e-03
9.999997019767761230e-01,2.364009503708075499e-07
1.319450046867132187e-02,9.868056178092956543e-01
9.999999403953552246e-01,5.147677484274026938e-08
9.266497492790222168e-01,7.335012406110763550e-02
9.998121261596679688e-01,1.878975599538534880e-04
9.971803426742553711e-01,2.819691319018602371e-03
2.227606721305619430e-08,9.999999403953552246e-01
9.988642930984497070e-01,1.135744736529886723e-03
8.528183698654174805e-01,1.471816450357437134e-01
1.014686574762890814e-07,9.999998211860656738e-01
8.941189050674438477e-01,1.058811023831367493e-01
9.999999403953552246e-01,8.024395370398451632e-09
1.203654755954630673e-05,9.999879002571105957e-01
3.539344706331080091e-17,9.999999403953552246e-01
5.422449476100155152e-07,9.999993443489074707e-01
9.665351510047912598e-01,3.346482291817665100e-02
4.700693523318477673e-08,9.999999403953552246e-01
1.298511688219150528e-05,9.999869465827941895e-01
1.573905308305256767e-07,9.999998211860656738e-01
9.999337792396545410e-01,6.616662722080945969e-05
1.237980555742979050e-03,9.987620115280151367e-01
9.706205725669860840e-01,2.937943860888481140e-02
9.999889731407165527e-01,1.098494431062135845e-05
8.548755198717117310e-03,9.914512634277343750e-01
9.999496340751647949e-01,5.026508733863011003e-05
1.973136676269859890e-07,9.999997019767761230e-01
1.546203384350519627e-05,9.999844431877136230e-01
9.997030496597290039e-01,2.969976048916578293e-04
9.997466802597045898e-01,2.534234954509884119e-04
1.445423513650894165e-01,8.554576039314270020e-01
9.990952014923095703e-01,9.048662032000720501e-04
9.999206662178039551e-01,7.930734136607497931e-05
9.800952672958374023e-01,1.990470476448535919e-02
4.219381213188171387e-01,5.780618190765380859e-01
6.262257695198059082e-01,3.737742602825164795e-01
1.124026952311396599e-03,9.988759756088256836e-01
1.258962038264144212e-05,9.999873042106628418e-01
9.998550415039062500e-01,1.451160933356732130e-04
3.822806850075721741e-02,9.617719650268554688e-01
9.997463226318359375e-01,2.537041436880826950e-04
3.403614163398742676e-01,6.596385836601257324e-01
9.997181892395019531e-01,2.818741486407816410e-04
1.411458402872085571e-01,8.588541746139526367e-01
4.420601662502576801e-09,9.999999403953552246e-01
3.284302074462175369e-04,9.996715784072875977e-01
9.996303915977478027e-01,3.696493804454803467e-04
9.999999403953552246e-01,3.608277010513916139e-10
2.547466101532336324e-05,9.999744296073913574e-01
9.076288938522338867e-01,9.237104654312133789e-02
1.260471588215850147e-10,9.999999403953552246e-01
9.997531175613403320e-01,2.469690225552767515e-04
9.999933838844299316e-01,6.497490176116116345e-06
9.949864149093627930e-01,5.013585090637207031e-03
9.999575018882751465e-01,4.239908957970328629e-05
1.506166756153106689e-01,8.493832945823669434e-01
4.555112553816798027e-08,9.999999403953552246e-01
9.999995827674865723e-01,4.015842591797991190e-07
8.531203269958496094e-01,1.468797326087951660e-01
9.999977946281433105e-01,2.157820745196659118e-06
9.986701011657714844e-01,1.329954597167670727e-03
9.997313022613525391e-01,2.687366504687815905e-04
5.098702260397658392e-08,9.999999403953552246e-01
8.007017374038696289e-01,1.992982625961303711e-01
9.999999403953552246e-01,2.040309246423635536e-13
9.998219013214111328e-01,1.780730381142348051e-04
9.904383420944213867e-01,9.561656974256038666e-03
6.086055561900138855e-02,9.391394853591918945e-01
2.142987653996897279e-08,9.999999403953552246e-01
1.213297620415687561e-01,8.786703348159790039e-01
5.919558405876159668e-01,4.080441594123840332e-01
9.987661838531494141e-01,1.233795075677335262e-03
9.984549880027770996e-01,1.545002218335866928e-03
9.969297647476196289e-01,3.070143284276127815e-03
9.203700756188482046e-06,9.999907612800598145e-01
9.999999403953552246e-01,1.361902118857116761e-10
9.999100565910339355e-01,8.989501657197251916e-05
9.999991059303283691e-01,8.686094474796846043e-07
6.484076380729675293e-01,3.515922725200653076e-01
8.568033808842301369e-05,9.999142289161682129e-01
4.210586249828338623e-01,5.789414048194885254e-01
1.514752220828086138e-04,9.998486042022705078e-01
7.336388342082500458e-03,9.926635026931762695e-01
1.785507991458601396e-10,9.999999403953552246e-01
3.428174240980297327e-04,9.996571540832519531e-01
4.134761547902598977e-05,9.999585747718811035e-01
8.140018508129287511e-06,9.999918341636657715e-01
1.723117748042568564e-05,9.999826550483703613e-01
7.733066082000732422e-01,2.266934365034103394e-01
9.999999403953552246e-01,2.980258884122122254e-08
9.943506121635437012e-01,5.649403668940067291e-03
1.102878674864768982e-01,8.897121548652648926e-01
1.130528034991584718e-04,9.998869299888610840e-01
2.092012252319364052e-08,9.999999403953552246e-01
9.999999403953552246e-01,1.475838917741612022e-08
4.692628499469719827e-05,9.999529719352722168e-01
9.924996495246887207e-01,7.500322535634040833e-03
9.459933042526245117e-01,5.400672182440757751e-02
1.034819260239601135e-01,8.965180516242980957e-01
9.780195951461791992e-01,2.198026143014431000e-02
2.084279112750664353e-04,9.997916221618652344e-01
9.073609113693237305e-01,9.263902157545089722e-02
3.001900672483515109e-10,9.999999403953552246e-01
4.551000602077692747e-04,9.995449185371398926e-01
9.953074455261230469e-01,4.692524671554565430e-03
9.996675252914428711e-01,3.325300931464880705e-04
9.990221858024597168e-01,9.777582017704844475e-04
9.999158978462219238e-01,8.398722275160253048e-05
2.865211354219354689e-05,9.999713301658630371e-01
4.009312093257904053e-01,5.990688204765319824e-01
1.746328920125961304e-01,8.253669738769531250e-01
9.998655319213867188e-01,1.344386109849438071e-04
9.782328605651855469e-01,2.176709845662117004e-02
9.999868273735046387e-01,1.307817547058220953e-05
9.999999403953552246e-01,1.923472270348725033e-09
6.402055732905864716e-03,9.935979247093200684e-01
7.621778845787048340e-01,2.378220856189727783e-01
9.999653697013854980e-01,3.455217301961965859e-05
9.581105709075927734e-01,4.188945516943931580e-02
9.998261928558349609e-01,1.739474100759252906e-04
2.062203884124755859e-01,7.937797307968139648e-01
9.013006092573050410e-07,9.999989867210388184e-01
9.999999403953552246e-01,3.326425357386142423e-08
9.938287138938903809e-01,6.171313580125570297e-03
4.832443594932556152e-01,5.167555809020996094e-01
9.999999403953552246e-01,1.292165680011336804e-10
9.074041843414306641e-01,9.259578585624694824e-02
6.949850916862487793e-01,3.050149381160736084e-01
1.953458017567299976e-08,9.999999403953552246e-01
2.170266956090927124e-01,7.829732298851013184e-01
9.999999403953552246e-01,1.027159690636381129e-09
9.995045065879821777e-01,4.954084288328886032e-04
8.346114158630371094e-01,1.653885692358016968e-01
1.367891207337379456e-02,9.863212108612060547e-01
9.999780058860778809e-01,2.195552042394410819e-05
2.758534556335234811e-08,9.999999403953552246e-01
9.106245040893554688e-01,8.937539160251617432e-02
9.976325035095214844e-01,2.367461565881967545e-03
9.990347027778625488e-01,9.652863373048603535e-04
5.285525617182429414e-07,9.999994635581970215e-01
9.996531009674072266e-01,3.469538060016930103e-04
4.214243032038211823e-03,9.957857131958007812e-01
9.999999403953552246e-01,3.417822114215596230e-08
7.198121747933328152e-04,9.992802143096923828e-01
9.958866238594055176e-01,4.113316535949707031e-03
9.996301531791687012e-01,3.698869841173291206e-04
7.223470136523246765e-03,9.927764534950256348e-01
9.909759163856506348e-01,9.024074301123619080e-03
4.048858303576707840e-03,9.959512352943420410e-01
5.532571673393249512e-01,4.467427730560302734e-01
7.809053659439086914e-01,2.190945744514465332e-01
9.999989867210388184e-01,9.826895848163985647e-07
9.992157816886901855e-01,7.842376944608986378e-04
7.230426999740302563e-04,9.992768764495849609e-01
3.743619322776794434e-01,6.256380081176757812e-01
8.722859025001525879e-01,1.277140676975250244e-01
9.999986290931701660e-01,1.355614585918374360e-06
4.723704457283020020e-01,5.276296734809875488e-01
1.146475821733474731e-01,8.853524923324584961e-01
9.999917149543762207e-01,8.187867933884263039e-06
9.998925328254699707e-01,1.074415267794393003e-04
9.990752935409545898e-01,9.246894624084234238e-04
7.410495076328516006e-03,9.925894737243652344e-01
9.999843239784240723e-01,1.556617644382640719e-05
9.996317028999328613e-01,3.682993410620838404e-04
1.152178469965292607e-06,9.999987483024597168e-01
1.574931482971331231e-12,9.999999403953552246e-01
1.581836994724028500e-09,9.999999403953552246e-01
9.998109340667724609e-01,1.892026048153638840e-04
4.065468101055458305e-11,9.999999403953552246e-01
3.024605575774330646e-06,9.999969601631164551e-01
9.999954104423522949e-01,4.566697498376015574e-06
4.861000925302505493e-04,9.995138049125671387e-01
7.849752157926559448e-02,9.215024113655090332e-01
9.317474365234375000e-01,6.825254857540130615e-02
9.992640018463134766e-01,7.360286545008420944e-04
8.358429670333862305e-01,1.641570180654525757e-01
9.999794363975524902e-01,2.048835449386388063e-05
5.013744207673677400e-14,9.999999403953552246e-01
9.940483570098876953e-01,5.951661616563796997e-03
9.991690516471862793e-01,8.309055701829493046e-04
1.042768508195877075e-01,8.957232236862182617e-01
9.900906085968017578e-01,9.909341111779212952e-03
9.302345514297485352e-01,6.976545602083206177e-02
9.998564720153808594e-01,1.435019948985427618e-04
9.999999403953552246e-01,5.326949548134507495e-08
8.906248807907104492e-01,1.093751266598701477e-01
9.999116063117980957e-01,8.830164733808487654e-05
9.999411702156066895e-01,5.881327888346277177e-05
9.999977946281433105e-01,2.177230726374546066e-06
3.564354032278060913e-02,9.643564820289611816e-01
6.495877504348754883e-01,3.504122793674468994e-01
9.999830126762390137e-01,1.697235529718454927e-05
9.968179464340209961e-01,3.181970678269863129e-03
6.625435501337051392e-02,9.337456226348876953e-01
3.444494605064392090e-01,6.555505394935607910e-01
9.914721846580505371e-01,8.527898229658603668e-03
1.959066321433056146e-05,9.999803900718688965e-01
1.417620182037353516e-01,8.582379817962646484e-01
3.225925937294960022e-02,9.677406549453735352e-01
1.093606115318834782e-04,9.998906254768371582e-01
9.999971985816955566e-01,2.789335894703981467e-06
9.999724030494689941e-01,2.749685336311813444e-05
9.942893385887145996e-01,5.710719618946313858e-03
9.928602576255798340e-01,7.139753550291061401e-03
1.547463398310355842e-06,9.999983906745910645e-01
1.280820518732070923e-01,8.719180226325988770e-01
1.706856322947203353e-10,9.999999403953552246e-01
7.078408002853393555e-01,2.921592295169830322e-01
9.610289335250854492e-01,3.897107020020484924e-02
8.282804489135742188e-01,1.717195808887481689e-01
9.999669194221496582e-01,3.298635056125931442e-05
3.457679920160217080e-09,9.999999403953552246e-01
9.975056052207946777e-01,2.494363114237785339e-03
6.299933791160583496e-01,3.700065612792968750e-01
6.622670412070874590e-07,9.999992251396179199e-01
9.979843497276306152e-01,2.015527104958891869e-03
3.268950266033243679e-08,9.999999403953552246e-01
5.996251478791236877e-02,9.400374889373779297e-01
4.595783352851867676e-01,5.404216647148132324e-01
9.960915446281433105e-01,3.908454440534114838e-03
3.041115403175354004e-01,6.958885192871093750e-01
9.213973879814147949e-01,7.860251516103744507e-02
8.516873121261596680e-01,1.483127176761627197e-01
9.997073411941528320e-01,2.927344467025250196e-04
8.283514380455017090e-01,1.716486215591430664e-01
4.631147533655166626e-02,9.536885619163513184e-01
1.531646375951822847e-05,9.999846816062927246e-01
1.787593760127492715e-06,9.999981522560119629e-01
9.991110563278198242e-01,8.888281881809234619e-04
1.676343753933906555e-02,9.832365512847900391e-01
9.786949157714843750e-01,2.130514755845069885e-02
4.467768594622612000e-02,9.553223252296447754e-01
9.210197329521179199e-01,7.898032665252685547e-02
9.999668002128601074e-01,3.314755304018035531e-05
2.036756426095962524e-01,7.963243722915649414e-01
9.344818592071533203e-01,6.551821529865264893e-02
9.818400576477870345e-05,9.999017119407653809e-01
9.999983906745910645e-01,1.542976178825483657e-06
1.056840410456061363e-03,9.989431500434875488e-01
1.118347197771072388e-01,8.881652355194091797e-01
9.999999403953552246e-01,5.440337513817894433e-09
5.645631998777389526e-02,9.435436725616455078e-01
9.999567866325378418e-01,4.319380241213366389e-05
9.695352315902709961e-01,3.046471439301967621e-02
1.595949521288275719e-03,9.984040856361389160e-01
9.423593878746032715e-01,5.764063447713851929e-02
3.535818748900965147e-08,9.999999403953552246e-01
3.195379376411437988e-01,6.804620027542114258e-01
1.349655940430238843e-05,9.999864697456359863e-01
6.737956404685974121e-02,9.326203465461730957e-01
6.593810915946960449e-01,3.406189382076263428e-01
4.635863602161407471e-01,5.364137291908264160e-01
7.307518273591995239e-03,9.926924109458923340e-01
8.049380779266357422e-01,1.950619816780090332e-01
9.999232888221740723e-01,7.665521843591704965e-05
9.971846342086791992e-01,2.815393265336751938e-03
9.961250424385070801e-01,3.874827176332473755e-03
3.092157203354872763e-05,9.999690651893615723e-01
9.310294389724731445e-01,6.897054612636566162e-02
2.578342355263885111e-05,9.999741911888122559e-01
2.955607851617969573e-05,9.999703764915466309e-01
9.985750913619995117e-01,1.424959511496126652e-03
3.107256270595826209e-05,9.999688267707824707e-01
3.552305827270174632e-08,9.999999403953552246e-01
9.958899617195129395e-01,4.109993577003479004e-03
3.085683286190032959e-02,9.691431522369384766e-01
9.713036417961120605e-01,2.869638428092002869e-02
1.806922443211078644e-02,9.819307327270507812e-01
6.685964018106460571e-02,9.331403374671936035e-01
6.615436077117919922e-02,9.338455796241760254e-01
9.606168638320866648e-11,9.999999403953552246e-01
1.598100762834064881e-09,9.999999403953552246e-01
9.979828000068664551e-01,2.017133636400103569e-03
9.328352212905883789e-01,6.716483831405639648e-02
9.839434623718261719e-01,1.605658419430255890e-02
9.270731359720230103e-02,9.072927236557006836e-01
9.998760223388671875e-01,1.239640841959044337e-04
9.999995827674865723e-01,4.169714884483255446e-07
3.616284402596647851e-06,9.999963641166687012e-01
9.999995827674865723e-01,4.082437499164370820e-07
9.999999403953552246e-01,4.434131994912604569e-08
9.831597208976745605e-01,1.684012822806835175e-02
1.305682659149169922e-01,8.694317936897277832e-01
9.998681545257568359e-01,1.318664581049233675e-04
9.995288252830505371e-01,4.710953216999769211e-04
9.978863596916198730e-01,2.113623544573783875e-03
1.264834054381935857e-06,9.999986290931701660e-01
2.477957168594002724e-04,9.997522830963134766e-01
4.322483204305171967e-03,9.956774711608886719e-01
9.429080819245427847e-05,9.999056458473205566e-01
9.956787824630737305e-01,4.321153741329908371e-03
1.438603848218917847e-01,8.561394810676574707e-01
8.947811722755432129e-01,1.052187681198120117e-01
8.200779557228088379e-01,1.799220591783523560e-01
9.999998211860656738e-01,1.278565946449816693e-07
3.064359646032244200e-07,9.999995827674865723e-01
8.528294563293457031e-01,1.471705287694931030e-01
6.761146336793899536e-02,9.323884844779968262e-01
9.999993443489074707e-01,5.589563443209044635e-07
4.120302910450845957e-04,9.995879530906677246e-01
2.260428736917674541e-04,9.997739791870117188e-01
2.208377092305369160e-10,9.999999403953552246e-01
1.847491257200850612e-11,9.999999403953552246e-01
8.494886755943298340e-01,1.505113542079925537e-01
1.879301369190216064e-01,8.120697736740112305e-01
9.794294834136962891e-01,2.057049609720706940e-02
3.226266801357269287e-02,9.677371978759765625e-01
9.995679259300231934e-01,4.321129817981272936e-04
2.185170524171553552e-05,9.999781250953674316e-01
2.967798709869384766e-01,7.032200694084167480e-01
5.153939872980117798e-02,9.484605789184570312e-01
7.691251635551452637e-01,2.308748364448547363e-01
1.690145879983901978e-01,8.309853672981262207e-01
9.999530911445617676e-01,4.688983244705013931e-05
2.076883614063262939e-02,9.792311191558837891e-01
9.999945759773254395e-01,5.330285603122320026e-06
7.608616948127746582e-01,2.391382604837417603e-01
7.780422311043366790e-05,9.999220967292785645e-01
6.495931185781955719e-03,9.935041069984436035e-01
1.107006464735604823e-04,9.998891949653625488e-01
9.986297488212585449e-01,1.370250480249524117e-03
9.995049834251403809e-01,4.949741414748132229e-04
4.247492313425027533e-08,9.999999403953552246e-01
2.154608955606818199e-03,9.978454113006591797e-01
9.995339512825012207e-01,4.659926344174891710e-04
3.871693334076553583e-04,9.996128678321838379e-01
1.247402979061007500e-03,9.987526535987854004e-01
2.693822383880615234e-01,7.306178212165832520e-01
9.990084767341613770e-01,9.914793772622942924e-04
4.022672897008305881e-07,9.999995827674865723e-01
9.998626708984375000e-01,1.374475541524589062e-04
8.187126532277488877e-09,9.999999403953552246e-01
9.999545216560363770e-01,4.546120908344164491e-05
9.906123876571655273e-01,9.387528523802757263e-03
1.978647742362227291e-05,9.999801516532897949e-01
4.042433109134435654e-03,9.959576129913330078e-01
3.470769449620547675e-09,9.999999403953552246e-01
1.772405928932130337e-03,9.982275962829589844e-01
7.947146296501159668e-01,2.052854001522064209e-01
7.071846723556518555e-01,2.928153574466705322e-01
8.061052858829498291e-02,9.193895459175109863e-01
1.801426261663436890e-01,8.198574185371398926e-01
9.971916675567626953e-01,2.808237681165337563e-03
3.515974385663866997e-03,9.964839816093444824e-01
9.970917701721191406e-01,2.908247523009777069e-03
9.250321388244628906e-01,7.496780157089233398e-02
7.631663084030151367e-01,2.368337512016296387e-01
9.864313602447509766e-01,1.356863137334585190e-02
8.712398121133446693e-04,9.991286993026733398e-01
2.874187703127972782e-05,9.999712109565734863e-01
2.202793621108867228e-05,9.999778866767883301e-01
2.788078199955634773e-05,9.999720454216003418e-01
4.887158423662185669e-02,9.511283636093139648e-01
9.870702028274536133e-01,1.292970031499862671e-02
7.893908619880676270e-01,2.106091380119323730e-01
1.373431645333766937e-02,9.862657189369201660e-01
9.999276995658874512e-01,7.217982056317850947e-05
9.987317919731140137e-01,1.268214080482721329e-03
9.956943392753601074e-01,4.305753391236066818e-03
7.559623918496072292e-05,9.999243617057800293e-01
2.559479326009750366e-02,9.744052886962890625e-01
9.999533295631408691e-01,4.658834586734883487e-05
9.157272577285766602e-01,8.427263796329498291e-02
6.519929170608520508e-01,3.480070531368255615e-01
9.706719517707824707e-01,2.932794205844402313e-02
9.999957680702209473e-01,4.183766122878296301e-06
9.998774528503417969e-01,1.225809392053633928e-04
9.999657273292541504e-01,3.424895112402737141e-05
1.428885232357401947e-09,9.999999403953552246e-01
9.257710709142941141e-10,9.999999403953552246e-01
1.026093363761901855e-01,8.973907232284545898e-01
9.955357313156127930e-01,4.464313853532075882e-03
9.927782416343688965e-01,7.221719250082969666e-03
9.895570278167724609e-01,1.044300198554992676e-02
9.781346917152404785e-01,2.186532691121101379e-02
9.999985098838806152e-01,1.407132572239788715e-06
2.528912368404689914e-08,9.999999403953552246e-01
8.957476615905761719e-01,1.042523235082626343e-01
1.659958809614181519e-02,9.834002852439880371e-01
7.222608928714180365e-07,9.999992251396179199e-01
2.899062019423581660e-05,9.999709725379943848e-01
7.743842434138059616e-05,9.999224543571472168e-01
9.925033450126647949e-01,7.496682461351156235e-03
1.221518952610953224e-13,9.999999403953552246e-01
9.999979138374328613e-01,1.981813056772807613e-06
4.642433822154998779e-01,5.357566475868225098e-01
8.199104070663452148e-01,1.800895184278488159e-01
3.026581602171063423e-03,9.969733953475952148e-01
8.988270759582519531e-01,1.011729836463928223e-01
9.999958872795104980e-01,4.045805781061062589e-06
9.999009966850280762e-01,9.895286348182708025e-05
9.812101125717163086e-01,1.878985762596130371e-02
4.537154436111450195e-01,5.462844967842102051e-01
9.999560713768005371e-01,4.385289139463566244e-05
7.315915077924728394e-02,9.268407821655273438e-01
3.492605872452259064e-03,9.965072870254516602e-01
9.092644453048706055e-01,9.073554724454879761e-02
9.999555945396423340e-01,4.428997635841369629e-05
2.441303331579547375e-05,9.999755024909973145e-01
3.453568816184997559e-01,6.546430587768554688e-01
9.992000460624694824e-01,7.999307708814740181e-04
5.868922570151369200e-10,9.999999403953552246e-01
9.699103236198425293e-01,3.008963167667388916e-02
1.100793406367301941e-01,8.899207115173339844e-01
4.667388647794723511e-02,9.533261656761169434e-01
3.246988654136657715e-01,6.753010749816894531e-01
2.248013828420880600e-07,9.999997019767761230e-01
9.939929246902465820e-01,6.007048301398754120e-03
8.527125945449742783e-13,9.999999403953552246e-01
3.284557348326444526e-11,9.999999403953552246e-01
9.933221340179443359e-01,6.677949801087379456e-03
1.050083115696907043e-01,8.949917554855346680e-01
7.994566559791564941e-01,2.005432844161987305e-01
9.971634745597839355e-01,2.836458384990692139e-03
2.894903339267784759e-08,9.999999403953552246e-01
3.595656901597976685e-02,9.640433788299560547e-01
2.340439641557168216e-05,9.999765753746032715e-01
9.981665611267089844e-01,1.833402668125927448e-03
9.999964833259582520e-01,3.420187567826360464e-06
9.999237656593322754e-01,7.618576637469232082e-05
1.027777557283116039e-06,9.999988675117492676e-01
4.547121226787567139e-01,5.452878475189208984e-01
9.999960064888000488e-01,3.929895683540962636e-06
9.997727870941162109e-01,2.271306148031726480e-04
1.562130762522428995e-07,9.999998211860656738e-01
4.129443168640136719e-01,5.870555639266967773e-01
9.987122416496276855e-01,1.287745777517557144e-03
9.990145564079284668e-01,9.853856172412633896e-04
9.998965859413146973e-01,1.033577573252841830e-04
9.997245073318481445e-01,2.755277964752167463e-04
9.999997019767761230e-01,2.546090058785921428e-07
1.599631155841052532e-03,9.984003901481628418e-01
8.282732367515563965e-01,1.717266440391540527e-01
6.571579433511942625e-06,9.999933838844299316e-01
9.999677538871765137e-01,3.220480357413180172e-05
6.425947695970535278e-02,9.357405900955200195e-01
9.999819397926330566e-01,1.800452264433261007e-05
9.907990694046020508e-01,9.200845845043659210e-03
9.999999403953552246e-01,3.319727132078398313e-11
8.158787488937377930e-01,1.841212809085845947e-01
1.422474306309595704e-04,9.998579025268554688e-01
1.218256354331970215e-02,9.878173470497131348e-01
3.875656329910270870e-05,9.999611973762512207e-01
9.999997019767761230e-01,2.220671291297549033e-07
9.999848008155822754e-01,1.518194494565250352e-05
9.999998211860656738e-01,6.172960809180949582e-08
7.987097501754760742e-01,2.012902647256851196e-01
7.847869396209716797e-01,2.152130901813507080e-01
1.411378234624862671e-01,8.588621616363525391e-01
9.965311288833618164e-01,3.468777751550078392e-03
3.323374688625335693e-02,9.667662978172302246e-01
9.998900294303894043e-01,1.098543434636667371e-04
7.888733409345149994e-03,9.921113252639770508e-01
5.050155520439147949e-01,4.949844777584075928e-01
9.537328878650441766e-06,9.999904036521911621e-01
3.793172538280487061e-02,9.620682597160339355e-01
9.999417662620544434e-01,5.820055957883596420e-05
9.858598113059997559e-01,1.414019707590341568e-02
9.994978308677673340e-01,5.021299002692103386e-04
8.251874824054539204e-04,9.991747736930847168e-01
2.212627587141469121e-04,9.997787475585937500e-01
5.022445917129516602e-01,4.977553188800811768e-01
9.998459815979003906e-01,1.540061202831566334e-04
4.211493432521820068e-01,5.788505673408508301e-01
9.999838471412658691e-01,1.604388307896442711e-05
9.999660849571228027e-01,3.387792094144970179e-05
9.999789595603942871e-01,2.093204966513440013e-05
1.784160733222961426e-01,8.215838670730590820e-01
1.398762688040733337e-03,9.986011981964111328e-01
9.998750686645507812e-01,1.250129862455651164e-04
9.999993443489074707e-01,5.416515591605275404e-07
9.921087026596069336e-01,7.891294546425342560e-03
1.425881963223218918e-02,9.857411384582519531e-01
8.781712651252746582e-01,1.218286007642745972e-01
1.173523217439651489e-01,8.826476931571960449e-01
1.321291492786258459e-04,9.998679161071777344e-01
4.557215049862861633e-02,9.544278979301452637e-01
8.168068528175354004e-01,1.831931471824645996e-01
9.999249577522277832e-01,7.498896593460813165e-05
4.308751523494720459e-01,5.691248178482055664e-01
9.999998211860656738e-01,6.721550249721985892e-08
4.318757355213165283e-01,5.681242346763610840e-01
9.982293844223022461e-01,1.770543050952255726e-03
9.999896883964538574e-01,1.022623928292887285e-05
8.632057557633743272e-08,9.999998211860656738e-01
1.141897882916964591e-05,9.999884963035583496e-01
9.999149441719055176e-01,8.497326780343428254e-05
9.987690448760986328e-01,1.231028232723474503e-03
6.242034025490283966e-03,9.937579631805419922e-01
9.999932646751403809e-01,6.719038992741843686e-06
9.941893219947814941e-01,5.810685921460390091e-03
1.196335870190523565e-04,9.998802542686462402e-01
8.518264889717102051e-01,1.481734961271286011e-01
9.999197125434875488e-01,8.018275548238307238e-05
9.657977223396301270e-01,3.420225158333778381e-02
9.999999403953552246e-01,1.508787050852333778e-08
8.063123375177383423e-02,9.193686842918395996e-01
9.855983257293701172e-01,1.440160535275936127e-02
9.999999403953552246e-01,1.352655543129799298e-09
9.931064844131469727e-01,6.893619894981384277e-03
9.999999403953552246e-01,5.887750287314474917e-09
4.132151138037443161e-03,9.958679080009460449e-01
9.544954895973205566e-01,4.550443589687347412e-02
9.981712698936462402e-01,1.828621607273817062e-03
9.997348785400390625e-01,2.651122340466827154e-04
3.079601526260375977e-01,6.920398473739624023e-01
7.837335467338562012e-01,2.162664234638214111e-01
4.984156694263219833e-04,9.995015263557434082e-01
9.989287257194519043e-01,1.071208156645298004e-03
9.999269843101501465e-01,7.291048677871003747e-05
9.996818304061889648e-01,3.181823994964361191e-04
2.445045709609985352e-01,7.554954290390014648e-01
1.849747449159622192e-02,9.815025329589843750e-01
9.615153670310974121e-01,3.848449885845184326e-02
7.729834914207458496e-01,2.270165532827377319e-01
3.256797790527343750e-04,9.996743202209472656e-01
2.331161219615296432e-08,9.999999403953552246e-01
9.999945759773254395e-01,5.361962394090369344e-06
9.871231913566589355e-01,1.287683378905057907e-02
9.999999403953552246e-01,3.207313170605630148e-08
9.998693466186523438e-01,1.306452904827892780e-04
9.990401864051818848e-01,9.598008473403751850e-04
1.808975469419493720e-10,9.999999403953552246e-01
5.922576189041137695e-01,4.077423214912414551e-01
9.999999403953552246e-01,1.764306589713271478e-09
9.522884488105773926e-01,4.771158099174499512e-02
1.303463894873857498e-02,9.869652390480041504e-01
9.978396296501159668e-01,2.160371048375964165e-03
8.436825993385355105e-08,9.999998211860656738e-01
7.550162536062998697e-06,9.999924302101135254e-01
9.997792243957519531e-01,2.207132201874628663e-04
8.671454191207885742e-01,1.328545212745666504e-01
2.975267670990433544e-05,9.999701380729675293e-01
9.915568232536315918e-01,8.443240076303482056e-03
9.997324943542480469e-01,2.675106516107916832e-04
9.999441504478454590e-01,5.576992771239019930e-05
9.995850920677185059e-01,4.149451851844787598e-04
9.445253610610961914e-01,5.547469109296798706e-02
9.998507499694824219e-01,1.492005394538864493e-04
8.014491200447082520e-01,1.985508799552917480e-01
9.673422574996948242e-01,3.265768662095069885e-02
9.947908520698547363e-01,5.209073424339294434e-03
2.124524035025388002e-04,9.997875690460205078e-01
5.284370272420346737e-04,9.994714856147766113e-01
9.999963641166687012e-01,3.584831347325234674e-06
9.998476505279541016e-01,1.524297549622133374e-04
2.503432333469390869e-01,7.496567368507385254e-01
3.397316634654998779e-01,6.602683067321777344e-01
3.085212085807143012e-09,9.999999403953552246e-01
9.289791341871023178e-05,9.999070763587951660e-01
9.992025494575500488e-01,7.975219050422310829e-04
9.999522566795349121e-01,4.762470416608266532e-05
3.773089826686337744e-11,9.999999403953552246e-01
8.883512020111083984e-01,1.116488277912139893e-01
1.377126900479197502e-04,9.998624324798583984e-01
9.999909996986389160e-01,8.999642886919900775e-06
9.999991059303283691e-01,8.225711667364521418e-07
1.104220714864823094e-08,9.999999403953552246e-01
9.948632121086120605e-01,5.136827472597360611e-03
8.109019398689270020e-01,1.890980750322341919e-01
9.455693960189819336e-01,5.443055927753448486e-02
6.654378771781921387e-01,3.345621526241302490e-01
9.943528771400451660e-01,5.647178739309310913e-03
2.316392585635185242e-02,9.768359661102294922e-01
9.999774098396301270e-01,2.252734702778980136e-05
5.716367959976196289e-01,4.283632040023803711e-01
9.999585747718811035e-01,4.141043973504565656e-05
1.029857405951406513e-12,9.999999403953552246e-01
1.268558502197265625e-01,8.731440901756286621e-01
9.278903007507324219e-01,7.210975140333175659e-02
8.202047348022460938e-01,1.797952204942703247e-01
9.999316334724426270e-01,6.831085920566692948e-05
3.774037659168243408e-01,6.225962042808532715e-01
9.999769330024719238e-01,2.303247856616508216e-05
4.732802608486963436e-06,9.999951720237731934e-01
5.252087116241455078e-01,4.747911989688873291e-01
9.902599453926086426e-01,9.740049950778484344e-03
9.998729228973388672e-01,1.270217180717736483e-04
9.999641776084899902e-01,3.580815973691642284e-05
1.562857048637011914e-12,9.999999403953552246e-01
6.728847511112689972e-03,9.932711720466613770e-01
1.403686269441095646e-07,9.999998211860656738e-01
8.535282611846923828e-01,1.464717090129852295e-01
4.447688606301625214e-10,9.999999403953552246e-01
4.048495292663574219e-01,5.951503515243530273e-01
1.007002437707939235e-13,9.999999403953552246e-01
9.066568613052368164e-01,9.334312379360198975e-02
9.999131560325622559e-01,8.675506251165643334e-05
4.094706673640757799e-04,9.995905756950378418e-01
1.109671120502753183e-05,9.999888539314270020e-01
9.998610019683837891e-01,1.390636462019756436e-04
9.999714493751525879e-01,2.844623122655320913e-05
7.079998403787612915e-02,9.292000532150268555e-01
3.465825458988547325e-03,9.965341091156005859e-01
4.185391446753783384e-07,9.999994635581970215e-01
7.259385093050241267e-09,9.999999403953552246e-01
9.999920725822448730e-01,7.910794920462649316e-06
9.993622899055480957e-01,6.377201061695814133e-04
9.019485441967844963e-04,9.990980625152587891e-01
2.439976036548614502e-01,7.560023665428161621e-01
9.999786019325256348e-01,2.133048292307648808e-05
9.805578589439392090e-01,1.944211497902870178e-02
6.392921022779773921e-06,9.999935030937194824e-01
8.851451277732849121e-01,1.148549020290374756e-01
3.354521177243441343e-04,9.996645450592041016e-01
9.999334216117858887e-01,6.650752766290679574e-05
9.999973177909851074e-01,2.629663867992348969e-06
2.513556012218032265e-07,9.999997019767761230e-01
9.755806326866149902e-01,2.441936545073986053e-02
1.842161118984222412e-01,8.157839179039001465e-01
4.890170991420745850e-01,5.109829306602478027e-01
9.668734669685363770e-01,3.312651813030242920e-02
4.584361799061298370e-03,9.954155683517456055e-01
4.463112726807594299e-02,9.553689360618591309e-01
1.292991102673113346e-03,9.987069964408874512e-01
9.990969896316528320e-01,9.030139190144836903e-04
9.538333642922225408e-07,9.999989867210388184e-01
9.999992251396179199e-01,6.736129307682858780e-07
9.961634350474923849e-05,9.999002814292907715e-01
5.472275079227983952e-04,9.994527101516723633e-01
1.542252004146575928e-01,8.457748889923095703e-01
1.774049742380157113e-04,9.998226165771484375e-01
1.345492364634992555e-06,9.999986290931701660e-01
4.365366112324409187e-05,9.999563097953796387e-01
9.999086260795593262e-01,9.130529360845685005e-05
9.999745488166809082e-01,2.537200816732365638e-05
9.609755277633666992e-01,3.902448713779449463e-02
2.351731061935424805e-02,9.764825701713562012e-01
8.719274997711181641e-01,1.280725151300430298e-01
5.982696507089713123e-07,9.999993443489074707e-01
7.448874115943908691e-01,2.551125586032867432e-01
9.999780058860778809e-01,2.196628520323429257e-05
2.610697876662015915e-03,9.973893761634826660e-01
2.350939903408288956e-03,9.976489543914794922e-01
9.999943375587463379e-01,5.607990715361665934e-06
6.985828280448913574e-01,3.014172017574310303e-01
1.214072881339234300e-06,9.999987483024597168e-01
9.943369030952453613e-01,5.663102492690086365e-03
9.992871284484863281e-01,7.129915175028145313e-04
9.999648928642272949e-01,3.505342465359717607e-05
5.289803375490009785e-04,9.994710087776184082e-01
9.921389818191528320e-01,7.861052639782428741e-03
9.997570514678955078e-01,2.429044689051806927e-04
2.669248878955841064e-01,7.330750226974487305e-01
9.999986290931701660e-01,1.317637270403793082e-06
3.519872587842698408e-11,9.999999403953552246e-01
8.903419971466064453e-01,1.096578910946846008e-01
1.431280374526977539e-01,8.568719625473022461e-01
5.968909859657287598e-01,4.031089544296264648e-01
6.134160161018371582e-01,3.865838944911956787e-01
9.999980330467224121e-01,1.873135488494881429e-06
9.999436736106872559e-01,5.623336619464680552e-05
9.930524826049804688e-01,6.947399117052555084e-03
9.999923110008239746e-01,7.633946552232373506e-06
4.132247322097271081e-11,9.999999403953552246e-01
8.944976434577256441e-05,9.999105334281921387e-01
9.994923472404479980e-01,5.075298249721527100e-04
9.999999403953552246e-01,8.510208648893069494e-10
7.759747505187988281e-01,2.240251898765563965e-01
9.999175667762756348e-01,8.234703273046761751e-05
9.877964258193969727e-01,1.220346335321664810e-02
3.222526311874389648e-01,6.777473688125610352e-01
9.987639188766479492e-01,1.236055279150605202e-03
2.279015444219112396e-02,9.772098660469055176e-01
8.678255653649102896e-06,9.999912381172180176e-01
1.968200951814651489e-01,8.031799197196960449e-01
2.424454141873866320e-04,9.997575283050537109e-01
9.999942183494567871e-01,5.684456482413224876e-06
1.306008198298513889e-04,9.998693466186523438e-01
3.916943445801734924e-03,9.960830211639404297e-01
1.312358677387237549e-01,8.687640428543090820e-01
9.852334856986999512e-01,1.476647704839706421e-02
9.999999403953552246e-01,1.589249176703333433e-09
2.346082357689738274e-03,9.976538419723510742e-01
2.533688545227050781e-01,7.466312050819396973e-01
9.999182820320129395e-01,8.166825136868283153e-05
9.779926538467407227e-01,2.200729027390480042e-02
7.078682780265808105e-01,2.921315729618072510e-01
2.274239361286163330e-01,7.725760340690612793e-01
4.203584417700767517e-02,9.579641819000244141e-01
1.848266273736953735e-02,9.815174341201782227e-01
4.316400736570358276e-03,9.956835508346557617e-01
5.207418143982067704e-05,9.999478459358215332e-01
9.968373179435729980e-01,3.162713954225182533e-03
9.999732375144958496e-01,2.666959881025832146e-05
7.854551672935485840e-01,2.145447582006454468e-01
9.995271563529968262e-01,4.728197527583688498e-04
8.712265491485595703e-01,1.287735104560852051e-01
3.994004218839108944e-04,9.996005892753601074e-01
1.446121139451861382e-03,9.985538125038146973e-01
4.402246559038758278e-04,9.995598196983337402e-01
1.528320005272920667e-12,9.999999403953552246e-01
9.839997887611389160e-01,1.600019633769989014e-02
9.999440312385559082e-01,5.595520997303538024e-05
8.836836786940693855e-05,9.999116063117980957e-01
9.998719692230224609e-01,1.281226286664605141e-04
7.984811663627624512e-01,2.015187591314315796e-01
7.336929440498352051e-01,2.663069963455200195e-01
5.874695716556743719e-07,9.999993443489074707e-01
9.982845783233642578e-01,1.715401653200387955e-03
2.196513833041535690e-06,9.999977946281433105e-01
9.991688132286071777e-01,8.310948032885789871e-04
9.965381622314453125e-01,3.461824031546711922e-03
9.987475275993347168e-01,1.252548070624470711e-03
4.170940816402435303e-01,5.829058885574340820e-01
2.841341197490692139e-01,7.158659100532531738e-01
9.993311762809753418e-01,6.687839049845933914e-04
8.326614499092102051e-01,1.673385947942733765e-01
9.992587566375732422e-01,7.413452258333563805e-04
6.914750933647155762e-01,3.085248768329620361e-01
3.057006299495697021e-01,6.942993402481079102e-01
9.996490478515625000e-01,3.508979280013591051e-04
7.040227956167655066e-07,9.999992251396179199e-01
8.974730223417282104e-02,9.102526903152465820e-01
4.568414296954870224e-03,9.954316020011901855e-01
9.999850392341613770e-01,1.485406846768455580e-05
8.977551460266113281e-01,1.022448837757110596e-01
9.999994635581970215e-01,4.936857749271439388e-07
2.508596517145633698e-04,9.997491836547851562e-01
9.998729228973388672e-01,1.271463115699589252e-04
4.525210708379745483e-03,9.954747557640075684e-01
9.999999403953552246e-01,4.982564583144721837e-09
5.589153079199604690e-05,9.999440312385559082e-01
9.999994635581970215e-01,4.251731695603666594e-07
4.464977383613586426e-01,5.535022020339965820e-01
1.025390694849193096e-03,9.989745616912841797e-01
9.999821782112121582e-01,1.780580350896343589e-05
9.993165135383605957e-01,6.834294181317090988e-04
9.998909831047058105e-01,1.089864599634893239e-04
8.000412955880165100e-03,9.919995665550231934e-01
9.975455999374389648e-01,2.454326953738927841e-03
9.999880194664001465e-01,1.188404894492123276e-05
9.982357025146484375e-01,1.764231943525373936e-03
6.752881407737731934e-01,3.247118890285491943e-01
2.367140352725982666e-01,7.632860541343688965e-01
4.798943642526865005e-03,9.952010512351989746e-01
4.759844541549682617e-01,5.240155458450317383e-01
6.208649181793993166e-14,9.999999403953552246e-01
5.711450576782226562e-01,4.288548231124877930e-01
9.987627267837524414e-01,1.237302785739302635e-03
3.320643901824951172e-01,6.679356694221496582e-01
2.120021730661392212e-01,7.879978418350219727e-01
5.031208782924068146e-10,9.999999403953552246e-01
3.397784233093261719e-01,6.602215766906738281e-01
9.997828006744384766e-01,2.171326486859470606e-04
9.721456170082092285e-01,2.785447053611278534e-02
5.154322479938855395e-06,9.999948143959045410e-01
9.999945759773254395e-01,5.394645086198579520e-06
9.999827742576599121e-01,1.717315353744197637e-05
9.997166395187377930e-01,2.833790495060384274e-04
9.963803887367248535e-01,3.619555849581956863e-03
9.627177955145364927e-17,9.999999403953552246e-01
9.885684847831726074e-01,1.143147423863410950e-02
9.968493580818176270e-01,3.150585340335965157e-03
9.435626864433288574e-01,5.643729493021965027e-02
9.278459548950195312e-01,7.215401530265808105e-02
9.999999403953552246e-01,5.575473416286058637e-09
5.314829021330069736e-09,9.999999403953552246e-01
9.999997019767761230e-01,2.015925417708785972e-07
4.611208169080782682e-06,9.999952912330627441e-01
9.999946951866149902e-01,5.296341441862750798e-06
5.161892771720886230e-01,4.838108122348785400e-01
9.985185265541076660e-01,1.481338520534336567e-03
9.540123939514160156e-01,4.598763585090637207e-02
1.124604344367980957e-01,8.875396251678466797e-01
8.460788336606128723e-08,9.999998211860656738e-01
9.999347329139709473e-01,6.514870619866997004e-05
9.992216229438781738e-01,7.783852634020149708e-04
9.999948143959045410e-01,5.125099505676189438e-06
9.803116917610168457e-01,1.968826353549957275e-02
9.831179976463317871e-01,1.688189432024955750e-02
5.072521602755841741e-08,9.999999403953552246e-01
9.999999403953552246e-01,7.120225298251625645e-09
1.477111072745174170e-04,9.998524188995361328e-01
9.980456233024597168e-01,1.954302657395601273e-03
2.214898467063903809e-01,7.785101532936096191e-01
9.997119903564453125e-01,2.880083338823169470e-04
8.537906408309936523e-01,1.462093740701675415e-01
7.158506036830658559e-07,9.999992251396179199e-01
4.068429116159677505e-03,9.959315061569213867e-01
9.373683333396911621e-01,6.263165175914764404e-02
9.983987212181091309e-01,1.601232565008103848e-03
1.913943141698837280e-01,8.086056113243103027e-01
9.986984729766845703e-01,1.301512005738914013e-03
1.485282723479031119e-07,9.999998211860656738e-01
1.544313654733286967e-08,9.999999403953552246e-01
4.731855988502502441e-01,5.268144011497497559e-01
9.999099373817443848e-01,8.994970994535833597e-05
1.470445432083522519e-10,9.999999403953552246e-01
6.231896579265594482e-03,9.937680363655090332e-01
9.999871850013732910e-01,1.270911798201268539e-05
4.528903588652610779e-02,9.547109007835388184e-01
5.837854644141771132e-09,9.999999403953552246e-01
9.999999403953552246e-01,1.302961211147035669e-10
8.969337344169616699e-01,1.030662506818771362e-01
9.998989701271057129e-01,1.010009873425588012e-04
9.999789595603942871e-01,2.100311576214153320e-05
9.915105700492858887e-01,8.489452302455902100e-03
9.999988675117492676e-01,1.021233288156508934e-06
9.975474476814270020e-01,2.452388405799865723e-03
9.998013973236083984e-01,1.985884446185082197e-04
1.147296984527201857e-06,9.999987483024597168e-01
7.111435988917946815e-04,9.992887973785400391e-01
7.897412031888961792e-02,9.210258722305297852e-01
2.341163605451583862e-01,7.658835649490356445e-01
1.654895208775997162e-02,9.834509491920471191e-01
9.982435107231140137e-01,1.756379031576216221e-03
9.999491572380065918e-01,5.082688221591524780e-05
9.998466968536376953e-01,1.533764152554795146e-04
3.942357003688812256e-01,6.057642698287963867e-01
9.881340861320495605e-01,1.186599675565958023e-02
5.783402919769287109e-01,4.216597378253936768e-01
1.108804438263177872e-02,9.889119267463684082e-01
2.407970875501632690e-01,7.592028379440307617e-01
9.887914657592773438e-01,1.120844949036836624e-02
1.349439600062396494e-07,9.999998211860656738e-01
1.978430449962615967e-01,8.021568059921264648e-01
9.977762103080749512e-01,2.223808085545897484e-03
9.403982758522033691e-01,5.960169062018394470e-02
4.238251131027936935e-05,9.999575018882751465e-01
7.641407251358032227e-01,2.358592152595520020e-01
9.996820688247680664e-01,3.179477353114634752e-04
9.842424988746643066e-01,1.575742661952972412e-02
9.999999403953552246e-01,5.402171598944960351e-09
9.999770522117614746e-01,2.285243499500211328e-05
9.968618154525756836e-01,3.138193394988775253e-03
9.990823268890380859e-01,9.176885359920561314e-04
9.999814629554748535e-01,1.851194792834576219e-05
9.999991059303283691e-01,8.369275406039378140e-07
9.952892065048217773e-01,4.710847046226263046e-03
9.918572902679443359e-01,8.142581209540367126e-03
8.624162077903747559e-01,1.375837922096252441e-01
1.275839713343884796e-05,9.999871850013732910e-01
7.568052411079406738e-01,2.431947737932205200e-01
1.714018971199493535e-08,9.999999403953552246e-01
9.393630623817443848e-01,6.063696742057800293e-02
9.999684691429138184e-01,3.147704410366714001e-05
9.999776482582092285e-01,2.230549398518633097e-05
9.730809330940246582e-01,2.691907435655593872e-02
5.181039124727249146e-02,9.481896162033081055e-01
1.738915543676722297e-13,9.999999403953552246e-01
9.172481894493103027e-01,8.275185525417327881e-02
8.451222181320190430e-01,1.548777669668197632e-01
9.980461001396179199e-01,1.953817438334226608e-03
9.602432250976562500e-01,3.975677862763404846e-02
5.350789800286293030e-02,9.464920759201049805e-01
9.999818205833435059e-01,1.809772220440208912e-05
1.849192976951599121e-01,8.150807619094848633e-01
2.071185782551765442e-02,9.792882204055786133e-01
1.180734392255544662e-02,9.881926178932189941e-01
9.963944554328918457e-01,3.605526406317949295e-03
9.984238147735595703e-01,1.576184411533176899e-03
5.792546272277832031e-01,4.207453727722167969e-01
9.735413789749145508e-01,2.645860053598880768e-02
9.995194077491760254e-01,4.805415228474885225e-04
9.973743557929992676e-01,2.625721041113138199e-03
5.572341680526733398e-01,4.427658319473266602e-01
2.107622567564249039e-04,9.997892379760742188e-01
2.680007892195135355e-04,9.997320175170898438e-01
9.769420623779296875e-01,2.305795811116695404e-02
7.161101139158132511e-12,9.999999403953552246e-01
8.716886043548583984e-01,1.283113807439804077e-01
5.228257334444902371e-14,9.999999403953552246e-01
9.653105139732360840e-01,3.468945622444152832e-02
9.999995827674865723e-01,3.820500467099918751e-07
9.999997019767761230e-01,2.789790869428543374e-07
9.602995514869689941e-01,3.970043733716011047e-02
9.990391135215759277e-01,9.608466061763465405e-04
2.186640267609618604e-05,9.999781250953674316e-01
9.927937388420104980e-01,7.206194568425416946e-03
9.985961914062500000e-01,1.403792412020266056e-03
9.999976754188537598e-01,2.323806938875350170e-06
9.499914646148681641e-01,5.000854283571243286e-02
4.946952230966417119e-06,9.999950528144836426e-01
9.167327880859375000e-01,8.326718956232070923e-02
8.526331512257456779e-04,9.991472363471984863e-01
9.071351314560160972e-07,9.999989867210388184e-01
9.975367784500122070e-01,2.463090931996703148e-03
1.373004820197820663e-02,9.862700700759887695e-01
9.999777674674987793e-01,2.217124892922583967e-05
4.692235044956305501e-09,9.999999403953552246e-01
2.033973671495914459e-02,9.796602725982666016e-01
9.813733696937561035e-01,1.862659119069576263e-02
3.002685261890292168e-03,9.969972968101501465e-01
4.144920408725738525e-02,9.585508704185485840e-01
1.760887016644119285e-06,9.999981522560119629e-01
2.112531065940856934e-01,7.887468934059143066e-01
9.996498823165893555e-01,3.501280443742871284e-04
7.781676650047302246e-01,2.218322753906250000e-01
2.206882089376449585e-02,9.779312610626220703e-01
6.856867074966430664e-01,3.143132030963897705e-01
9.640107236918993294e-07,9.999989867210388184e-01
1.763039082288742065e-02,9.823695421218872070e-01
8.661440014839172363e-01,1.338559240102767944e-01
9.995799660682678223e-01,4.200076800771057606e-04
1.406013907399028540e-04,9.998593330383300781e-01
9.999514222145080566e-01,4.856166196987032890e-05
8.457532525062561035e-02,9.154247045516967773e-01
2.403552234172821045e-01,7.596446871757507324e-01
9.939658775692805648e-05,9.999005198478698730e-01
9.806942939758300781e-01,1.930572465062141418e-02
9.999998211860656738e-01,1.416067050286073936e-07
2.068488101940602064e-04,9.997930526733398438e-01
9.999999403953552246e-01,2.200227847137803394e-11
1.103769093751907349e-01,8.896230459213256836e-01
1.642245115363039076e-05,9.999834895133972168e-01
1.416928796516003786e-07,9.999998211860656738e-01
7.581053376197814941e-01,2.418946474790573120e-01
3.690506491693668067e-05,9.999629855155944824e-01
9.738484621047973633e-01,2.615153975784778595e-02
9.901047348976135254e-01,9.895222261548042297e-03
9.999979138374328613e-01,2.001036364163155667e-06
1.246816827915608883e-03,9.987532496452331543e-01
4.549619853496551514e-01,5.450381040573120117e-01
4.633367934729903936e-04,9.995365738868713379e-01
1.428067088127136230e-01,8.571931719779968262e-01
4.401108810725418152e-09,9.999999403953552246e-01
9.984906911849975586e-01,1.509251771494746208e-03
9.596403241157531738e-01,4.035966470837593079e-02
9.999904036521911621e-01,9.490820048085879534e-06
9.999850392341613770e-01,1.487124700361164287e-05
8.324015711739726764e-14,9.999999403953552246e-01
6.465386152267456055e-01,3.534613847732543945e-01
9.842754602432250977e-01,1.572455279529094696e-02
7.427188158035278320e-01,2.572813034057617188e-01
2.299682790862789261e-07,9.999997019767761230e-01
1.631972001980841469e-09,9.999999403953552246e-01
9.987261891365051270e-01,1.273850677534937859e-03
9.987570047378540039e-01,1.242940430529415607e-03
9.999830126762390137e-01,1.690241515461821109e-05
1.298926521897669772e-10,9.999999403953552246e-01
9.999503493309020996e-01,4.953021561959758401e-05
9.999951720237731934e-01,4.800923761649755761e-06
9.986807107925415039e-01,1.319318078458309174e-03
9.193254113197326660e-01,8.067462593317031860e-02
9.999895691871643066e-01,1.038268237607553601e-05
9.915497303009033203e-01,8.450252003967761993e-03
4.151432531074306098e-09,9.999999403953552246e-01
2.736625820398330688e-02,9.726337790489196777e-01
5.542814135551452637e-01,4.457185566425323486e-01
9.964311122894287109e-01,3.568848595023155212e-03
1.068860115083225537e-06,9.999988675117492676e-01
9.975384473800659180e-01,2.461587544530630112e-03
1.201197784394025803e-02,9.879879951477050781e-01
9.268054366111755371e-01,7.319455593824386597e-02
9.992523193359375000e-01,7.476902101188898087e-04
9.999956488609313965e-01,4.302065462979953736e-06
9.997797012329101562e-01,2.204137854278087616e-04
1.085194423794746399e-01,8.914804458618164062e-01
4.480437338352203369e-01,5.519562959671020508e-01
9.999915957450866699e-01,8.368890121346339583e-06
9.999956488609313965e-01,4.257658019923837855e-06
9.930868148803710938e-01,6.913200952112674713e-03
9.989857673645019531e-01,1.014135545119643211e-03
9.190207347273826599e-04,9.990810155868530273e-01
9.757282137870788574e-01,2.427173778414726257e-02
9.997496604919433594e-01,2.504493168089538813e-04
8.665100336074829102e-01,1.334899514913558960e-01
9.075711369514465332e-01,9.242894500494003296e-02
3.966286385548301041e-05,9.999602437019348145e-01
9.999921917915344238e-01,7.727955562586430460e-06
1.455976348370313644e-02,9.854401350021362305e-01
9.997105598449707031e-01,2.895197831094264984e-04
1.481788931414484978e-04,9.998519420623779297e-01
9.997677803039550781e-01,2.322980435565114021e-04
9.892701506614685059e-01,1.072973478585481644e-02
7.576514498565154018e-18,9.999999403953552246e-01
9.980311393737792969e-01,1.968947472050786018e-03
9.997804164886474609e-01,2.195921260863542557e-04
9.999998211860656738e-01,1.283434158949603443e-07
7.926613092422485352e-01,2.073387801647186279e-01
9.100886583328247070e-01,8.991134166717529297e-02
9.999789595603942871e-01,2.092865724989678711e-05
9.999995827674865723e-01,3.934850383302546106e-07
8.270430262200534344e-04,9.991729855537414551e-01
7.381296157836914062e-01,2.618704140186309814e-01
9.999402165412902832e-01,5.974896703264676034e-05
2.098112925887107849e-02,9.790188670158386230e-01
2.071950584650039673e-03,9.979280829429626465e-01
9.225497841835021973e-01,7.745020091533660889e-02
3.352820613145013340e-06,9.999966025352478027e-01
5.728815793991088867e-01,4.271183907985687256e-01
9.982119798660278320e-01,1.788078923709690571e-03
1.945018768310546875e-03,9.980549216270446777e-01
8.888545036315917969e-01,1.111453697085380554e-01
9.999999403953552246e-01,1.392198356597873499e-09
9.999968409538269043e-01,3.129038304905407131e-06
9.989633560180664062e-01,1.036688569001853466e-03
9.881134629249572754e-01,1.188656035810709000e-02
9.999999403953552246e-01,1.309129693538579886e-09
8.563413757656235248e-06,9.999913573265075684e-01
9.909601807594299316e-01,9.039792232215404510e-03
9.999291300773620605e-01,7.078626367729157209e-05
9.958261251449584961e-01,4.173939581960439682e-03
9.890825748443603516e-01,1.091748662292957306e-02
1.602767733857035637e-04,9.998397827148437500e-01
5.776438713073730469e-01,4.223561882972717285e-01
9.925378561019897461e-01,7.462194189429283142e-03
1.217379197478294373e-01,8.782620429992675781e-01
9.673286676406860352e-01,3.267133980989456177e-02
9.860311746597290039e-01,1.396885327994823456e-02
9.998335838317871094e-01,1.664690353209152818e-04
3.113381535513326526e-05,9.999688267707824707e-01
9.564808011054992676e-01,4.351908341050148010e-02
9.999964833259582520e-01,3.419603672227822244e-06
1.329578366130590439e-02,9.867042303085327148e-01
1.766245441103819758e-05,9.999822974205017090e-01
9.891591072082519531e-01,1.084098592400550842e-02
8.669376373291015625e-03,9.913305640220642090e-01
2.902456515130324988e-07,9.999997019767761230e-01
6.018545827828347683e-04,9.993981122970581055e-01
2.486089378805900196e-08,9.999999403953552246e-01
8.196415365091525018e-06,9.999917149543762207e-01
9.994066953659057617e-01,5.932086496613919735e-04
6.371053586917696521e-06,9.999936223030090332e-01
9.999672770500183105e-01,3.266863132012076676e-05
9.880499839782714844e-01,1.194993313401937485e-02
4.360745606390992180e-06,9.999955296516418457e-01
9.999993443489074707e-01,5.489424097504524980e-07
6.966268273345121997e-08,9.999998211860656738e-01
9.966649413108825684e-01,3.335007699206471443e-03
1.378146111965179443e-01,8.621852993965148926e-01
1.369564831256866455e-01,8.630434274673461914e-01
9.130874900620256085e-07,9.999989867210388184e-01
2.153864949941635132e-01,7.846134305000305176e-01
5.994357168674468994e-02,9.400564432144165039e-01
6.644322536885738373e-03,9.933557510375976562e-01
2.571792574599385262e-04,9.997428655624389648e-01
8.906229734420776367e-01,1.093769818544387817e-01
9.999598860740661621e-01,4.005070150014944375e-05
1.190135989759255608e-07,9.999998211860656738e-01
2.590626943856477737e-03,9.974093437194824219e-01
1.196527183055877686e-01,8.803472518920898438e-01
6.390739049066951338e-09,9.999999403953552246e-01
9.999917149543762207e-01,8.231305400840938091e-06
9.686872363090515137e-01,3.131277114152908325e-02
9.999986290931701660e-01,1.308161586166534107e-06
9.995841383934020996e-01,4.158583178650587797e-04
9.892928004264831543e-01,1.070719584822654724e-02
9.999999403953552246e-01,2.628569717444406706e-08
8.975892066955566406e-01,1.024108529090881348e-01
1.638689786195755005e-01,8.361309170722961426e-01
9.999970793724060059e-01,2.869240461222943850e-06
9.996644258499145508e-01,3.355240914970636368e-04
1.277160597965121269e-03,9.987228512763977051e-01
6.785787487473271540e-09,9.999999403953552246e-01
8.214829722419381142e-05,9.999178051948547363e-01
8.747505545616149902e-01,1.252494156360626221e-01
2.500785328447818756e-02,9.749920964241027832e-01
8.868290185928344727e-01,1.131710261106491089e-01
2.048471969828824513e-08,9.999999403953552246e-01
9.999939799308776855e-01,6.014009613863890991e-06
9.923254251480102539e-01,7.674563210457563400e-03
2.134096324443817139e-01,7.865903377532958984e-01
9.999991059303283691e-01,8.305420351462089457e-07
9.999894499778747559e-01,1.046447323460597545e-05
9.968387484550476074e-01,3.161133732646703720e-03
3.225145919714123011e-04,9.996775388717651367e-01
6.064081788063049316e-01,3.935918509960174561e-01
9.991779923439025879e-01,8.219860028475522995e-04
5.905197042466170387e-08,9.999999403953552246e-01
2.729307413101196289e-01,7.270692586898803711e-01
9.999997019767761230e-01,2.404835299785190728e-07
9.881231188774108887e-01,1.187684107571840286e-02
9.999831318855285645e-01,1.679636261542327702e-05
3.180357816745527089e-05,9.999681115150451660e-01
8.576766704209148884e-04,9.991422891616821289e-01
1.823005825281143188e-02,9.817699193954467773e-01
1.257970689039211720e-05,9.999873042106628418e-01
7.715490460395812988e-01,2.284510135650634766e-01
9.999999403953552246e-01,5.695567592554939048e-16
4.974257666617631912e-03,9.950256943702697754e-01
3.655387759208679199e-01,6.344612836837768555e-01
8.496804833412170410e-01,1.503194421529769897e-01
2.467612466716673225e-05,9.999752640724182129e-01
3.738488629778657923e-08,9.999999403953552246e-01
1.297887531109154224e-03,9.987020492553710938e-01
9.996030926704406738e-01,3.968770033679902554e-04
9.865738749504089355e-01,1.342607475817203522e-02
2.213118360447352551e-12,9.999999403953552246e-01
3.531422466039657593e-02,9.646857380867004395e-01
4.612914621829986572e-01,5.387085676193237305e-01
9.697661399841308594e-01,3.023370355367660522e-02
9.893061518669128418e-01,1.069384347647428513e-02
9.999933838844299316e-01,6.534445674333255738e-06
9.994126558303833008e-01,5.872384062968194485e-04
8.710817667179071577e-08,9.999998211860656738e-01
9.999970793724060059e-01,2.869779564207419753e-06
1.480759587138891220e-02,9.851924180984497070e-01
1.934923827648162842e-01,8.065075874328613281e-01
9.999012351036071777e-01,9.868448978522792459e-05
4.109412898856135143e-08,9.999999403953552246e-01
9.465951472520828247e-02,9.053404331207275391e-01
1.256461627781391144e-02,9.874352812767028809e-01
2.598660330477287062e-06,9.999973177909851074e-01
6.442648009397089481e-05,9.999355673789978027e-01
9.933861494064331055e-01,6.613775622099637985e-03
9.285548730986192822e-05,9.999070763587951660e-01
4.384870827198028564e-02,9.561513066291809082e-01
1.000356156417858688e-12,9.999999403953552246e-01
9.997768402099609375e-01,2.231949329143390059e-04
6.761249969713389874e-04,9.993237853050231934e-01
3.380539594218134880e-03,9.966194033622741699e-01
5.020278096199035645e-01,4.979722499847412109e-01
9.984995126724243164e-01,1.500393263995647430e-03
2.033341006608679891e-04,9.997966289520263672e-01
2.254728751722723246e-04,9.997744560241699219e-01
9.999987483024597168e-01,1.164035779765981715e-06
9.999851584434509277e-01,1.478763988416176289e-05
8.666785955429077148e-01,1.333214491605758667e-01
9.964300394058227539e-01,3.569932421669363976e-03
9.899744391441345215e-01,1.002556085586547852e-02
3.317441326089465292e-07,9.999995827674865723e-01
9.999999403953552246e-01,3.175520291165412345e-08
9.090399742126464844e-01,9.095995128154754639e-02
5.396373569965362549e-03,9.946035742759704590e-01
5.353281497955322266e-01,4.646718800067901611e-01
9.741977453231811523e-01,2.580222673714160919e-02
9.986497759819030762e-01,1.350252539850771427e-03
1.130889586420380510e-06,9.999988675117492676e-01
9.638198614120483398e-01,3.618009388446807861e-02
1.399581378791481256e-04,9.998600482940673828e-01
9.290875867009162903e-03,9.907092452049255371e-01
9.999250769615173340e-01,7.488020492019131780e-05
9.999999403953552246e-01,8.302188270192800701e-09
2.007867624342907220e-05,9.999799132347106934e-01
9.933977723121643066e-01,6.602134555578231812e-03
1.221815422177314758e-01,8.778184056282043457e-01
9.999999403953552246e-01,4.379489482175813464e-08
3.306372165679931641e-01,6.693627238273620605e-01
3.388515412807464600e-01,6.611484289169311523e-01
9.788745956029742956e-06,9.999901652336120605e-01
9.692662954330444336e-01,3.073362447321414948e-02
9.999852776527404785e-01,1.461630745325237513e-05
9.459726810455322266e-01,5.402727052569389343e-02
9.611676931381225586e-01,3.883233293890953064e-02
8.470954298973083496e-01,1.529045701026916504e-01
4.912158846855163574e-02,9.508783817291259766e-01
3.960795179249604336e-13,9.999999403953552246e-01
7.976117899488599505e-08,9.999998211860656738e-01
9.819000959396362305e-01,1.809994690120220184e-02
9.573950767517089844e-01,4.260485619306564331e-02
4.470925405621528625e-02,9.552907943725585938e-01
9.999999403953552246e-01,4.057312819050196140e-10
4.846635162830352783e-01,5.153364539146423340e-01
9.996736049652099609e-01,3.263875260017812252e-04
1.601801998913288116e-02,9.839819669723510742e-01
1.923861727118492126e-02,9.807613492012023926e-01
9.999788403511047363e-01,2.114605194947216660e-05
9.784200787544250488e-01,2.157991006970405579e-02
8.668370246887207031e-01,1.331630200147628784e-01
9.998388290405273438e-01,1.611909829080104828e-04
9.939625859260559082e-01,6.037346553057432175e-03
9.996157288551330566e-01,3.843021986540406942e-04
3.262665122747421265e-03,9.967373013496398926e-01
4.817642271518707275e-02,9.518235921859741211e-01
6.636985926888883114e-04,9.993363022804260254e-01
9.999986290931701660e-01,1.272109216188255232e-06
9.922083020210266113e-01,7.791757583618164062e-03
9.986205697059631348e-01,1.379322377033531666e-03
9.492219090461730957e-01,5.077799782156944275e-02
9.999483227729797363e-01,5.165753100300207734e-05
9.537037611007690430e-01,4.629635810852050781e-02
9.918475747108459473e-01,8.152361027896404266e-03
9.998900294303894043e-01,1.099479413824155927e-04
9.541859626770019531e-01,4.581408202648162842e-02
6.963637588341953233e-06,9.999930262565612793e-01
3.481954336166381836e-03,9.965179562568664551e-01
5.329415202140808105e-01,4.670585393905639648e-01
1.215885803103446960e-01,8.784114718437194824e-01
9.431035518646240234e-01,5.689650774002075195e-02
1.059187278151512146e-01,8.940812349319458008e-01
9.877813458442687988e-01,1.221871841698884964e-02
1.845659608079586178e-05,9.999814629554748535e-01
1.334477066993713379e-01,8.665523529052734375e-01
1.764630079269409180e-01,8.235369920730590820e-01
2.389190644025802612e-01,7.610809206962585449e-01
3.157489118166267872e-04,9.996842145919799805e-01
6.651121320366826239e-10,9.999999403953552246e-01
2.802985399341650918e-08,9.999999403953552246e-01
9.983122944831848145e-01,1.687658950686454773e-03
1.626454526615361829e-11,9.999999403953552246e-01
2.035828679800033569e-01,7.964171767234802246e-01
9.999993443489074707e-01,5.929716735408874229e-07
4.740280658006668091e-02,9.525971412658691406e-01
5.208351612091064453e-01,4.791648387908935547e-01
9.999991059303283691e-01,8.167514806700637564e-07
9.943148493766784668e-01,5.685111507773399353e-03
1.288001367356628180e-04,9.998712539672851562e-01
8.237238091624021763e-08,9.999998211860656738e-01
9.981679916381835938e-01,1.831987872719764709e-03
8.060916326940059662e-03,9.919391274452209473e-01
9.996551275253295898e-01,3.449301584623754025e-04
9.999549984931945801e-01,4.495293615036644042e-05
2.346942917785810323e-10,9.999999403953552246e-01
9.999999403953552246e-01,1.805316784952992748e-08
8.484798483550548553e-03,9.915152192115783691e-01
9.937058687210083008e-01,6.294051650911569595e-03
4.844729950548298802e-09,9.999999403953552246e-01
3.295839997008442879e-03,9.967041611671447754e-01
3.014124061451184389e-08,9.999999403953552246e-01
9.999542832374572754e-01,4.568877193378284574e-05
9.997358322143554688e-01,2.642429026309400797e-04
9.263185262680053711e-01,7.368143647909164429e-02
9.990814924240112305e-01,9.184547816403210163e-04
9.999780058860778809e-01,2.187636891903821379e-05
9.998760223388671875e-01,1.239835983142256737e-04
9.995811581611633301e-01,4.187950398772954941e-04
9.422024488449096680e-01,5.779762938618659973e-02
9.969091415405273438e-01,3.090899903327226639e-03
9.796450734138488770e-01,2.035485580563545227e-02
9.996083378791809082e-01,3.916869172826409340e-04
6.210087798535823822e-03,9.937898516654968262e-01
3.412225341890007257e-04,9.996588230133056641e-01
8.374834060668945312e-01,1.625165939331054688e-01
8.625362813472747803e-02,9.137464165687561035e-01
9.999138712882995605e-01,8.606570190750062466e-05
1.425181108061224222e-05,9.999856352806091309e-01
9.970555305480957031e-01,2.944520208984613419e-03
7.598038017749786377e-02,9.240195751190185547e-01
9.931062459945678711e-01,6.893657613545656204e-03
9.975360631942749023e-01,2.463911660015583038e-03
9.853538870811462402e-01,1.464619394391775131e-02
3.374166088178753853e-03,9.966258406639099121e-01
1.135209295898675919e-02,9.886479377746582031e-01
1.707795076072216034e-03,9.982922077178955078e-01
2.814546786248683929e-02,9.718545675277709961e-01
9.942538738250732422e-01,5.746049340814352036e-03
7.909075616652216922e-10,9.999999403953552246e-01
6.560069918632507324e-01,3.439929485321044922e-01
9.359242320060729980e-01,6.407569348812103271e-02
9.879576563835144043e-01,1.204235479235649109e-02
9.838107228279113770e-01,1.618920266628265381e-02
5.919897556304931641e-01,4.080101847648620605e-01
9.999238848686218262e-01,7.602580444654449821e-05
9.343447089195251465e-01,6.565526127815246582e-02
9.999938607215881348e-01,6.030498298059683293e-06
1.357068074867129326e-03,9.986429810523986816e-01
7.086647152900695801e-01,2.913353145122528076e-01
9.999045729637145996e-01,9.535969729768112302e-05
1.243223845958709717e-01,8.756775856018066406e-01
1.634451188147068024e-02,9.836553931236267090e-01
5.365203633476529563e-17,9.999999403953552246e-01
9.189114053009816985e-11,9.999999403953552246e-01
4.135950505733489990e-01,5.864049196243286133e-01
8.835894465446472168e-01,1.164106056094169617e-01
9.995765089988708496e-01,4.234324151184409857e-04
4.911588257527910173e-05,9.999508261680603027e-01
9.999712109565734863e-01,2.870194111892487854e-05
2.163183911510491164e-12,9.999999403953552246e-01
2.297422777193525167e-13,9.999999403953552246e-01
9.999999403953552246e-01,2.776767793477574742e-08
9.996908903121948242e-01,3.091277903877198696e-04
7.331545930355787277e-04,9.992668628692626953e-01
8.284921050071716309e-01,1.715079098939895630e-01
7.997714877128601074e-01,2.002284824848175049e-01
1.769184134900569916e-02,9.823080301284790039e-01
2.941482141613960266e-02,9.705850481986999512e-01
9.917796850204467773e-01,8.220205083489418030e-03
7.908046245574951172e-02,9.209194779396057129e-01
3.768647322431206703e-03,9.962313771247863770e-01
1.535651274025440216e-02,9.846433997154235840e-01
7.867394387722015381e-02,9.213259816169738770e-01
9.978826642036437988e-01,2.117312746122479439e-03
9.999997019767761230e-01,2.852497402727749432e-07
7.081660896801622584e-06,9.999929070472717285e-01
3.205091059207916260e-01,6.794909238815307617e-01
1.728369295597076416e-01,8.271630406379699707e-01
2.720082178711891174e-03,9.972798824310302734e-01
7.558053135871887207e-01,2.441947013139724731e-01
7.487381696701049805e-01,2.512618601322174072e-01
4.120554402470588684e-02,9.587943553924560547e-01
9.990956783294677734e-01,9.042886085808277130e-04
1.497390039730817080e-04,9.998502731323242188e-01
9.995962977409362793e-01,4.037499602418392897e-04
7.317772542592138052e-06,9.999926686286926270e-01
9.999443888664245605e-01,5.550019704969599843e-05
9.999955296516418457e-01,4.468809038371546194e-06
6.260219216346740723e-02,9.373978376388549805e-01
9.992111325263977051e-01,7.889592670835554600e-04
9.996060729026794434e-01,3.939291927963495255e-04
9.976257681846618652e-01,2.374205971136689186e-03
9.999316334724426270e-01,6.835035310359671712e-05
9.977316260337829590e-01,2.268384909257292747e-03
9.999563097953796387e-01,4.361192259239032865e-05
9.988139271736145020e-01,1.185995759442448616e-03
8.650832176208496094e-01,1.349168568849563599e-01
1.519370125606656075e-03,9.984806180000305176e-01
9.999994635581970215e-01,4.663916968183912104e-07
3.406079194974154234e-04,9.996594190597534180e-01
9.999269843101501465e-01,7.300810830201953650e-05
9.999967217445373535e-01,3.198951617378043011e-06
9.241308569908142090e-01,7.586921751499176025e-02
5.966494604945182800e-02,9.403350353240966797e-01
9.999877810478210449e-01,1.221739876200444996e-05
6.928123831748962402e-01,3.071876466274261475e-01
8.334645535796880722e-04,9.991665482521057129e-01
4.906684756278991699e-01,5.093314647674560547e-01
9.999998211860656738e-01,1.512501768274887581e-07
2.111733658239245415e-03,9.978882670402526855e-01
3.874189496855251491e-05,9.999611973762512207e-01
8.616693615913391113e-01,1.383305788040161133e-01
9.999862313270568848e-01,1.374593557557091117e-05
9.955056309700012207e-01,4.494234453886747360e-03
1.043651401996612549e-01,8.956349492073059082e-01
1.182835330837406218e-05,9.999881386756896973e-01
7.900386452674865723e-01,2.099612653255462646e-01
9.995414614677429199e-01,4.585558781400322914e-04
8.923501968383789062e-01,1.076498851180076599e-01
8.539041280746459961e-01,1.460958868265151978e-01
9.671317338943481445e-01,3.286817669868469238e-02
9.999166131019592285e-01,8.337533654412254691e-05
5.232390165328979492e-01,4.767610430717468262e-01
2.743804361671209335e-03,9.972562193870544434e-01
8.150802850723266602e-01,1.849197596311569214e-01
9.158747161563951522e-06,9.999907612800598145e-01
7.305243611335754395e-02,9.269475340843200684e-01
9.999629855155944824e-01,3.696952990139834583e-05
9.959189295768737793e-01,4.080964252352714539e-03
3.135699033737182617e-01,6.864301562309265137e-01
9.169329404830932617e-01,8.306706696748733521e-02
3.199359178543090820e-01,6.800640821456909180e-01
9.996669292449951172e-01,3.330513427499681711e-04
3.809629359614570901e-15,9.999999403953552246e-01
9.124615788459777832e-02,9.087538719177246094e-01
1.481865963270934117e-09,9.999999403953552246e-01
9.999272227287292480e-01,7.273382652783766389e-05
1.798675948521122336e-04,9.998202323913574219e-01
9.999986290931701660e-01,1.342193513664824422e-06
9.999997019767761230e-01,1.999499232852031128e-07
8.091612905263900757e-02,9.190837740898132324e-01
9.185720086097717285e-01,8.142805099487304688e-02
6.407766342163085938e-01,3.592233657836914062e-01
1.292086206376552582e-02,9.870790839195251465e-01
3.449614861339780902e-14,9.999999403953552246e-01
9.999997019767761230e-01,2.463414432440913515e-07
9.999944567680358887e-01,5.472823886520927772e-06
9.999662041664123535e-01,3.369298065081238747e-05
9.066120386123657227e-01,9.338799118995666504e-02
2.183814160525798798e-02,9.781617522239685059e-01
1.050883963182869252e-10,9.999999403953552246e-01
9.768474102020263672e-01,2.315252460539340973e-02
9.990381598472595215e-01,9.617643081583082676e-04
7.109963297843933105e-01,2.890035808086395264e-01
1.482836705690715462e-05,9.999851584434509277e-01
5.749608948826789856e-02,9.425038099288940430e-01
9.999930262565612793e-01,6.887853487569373101e-06
2.750715985894203186e-02,9.724927544593811035e-01
3.327700781596831803e-08,9.999999403953552246e-01
1.943407733051571995e-05,9.999805092811584473e-01
2.619970124214887619e-03,9.973799586296081543e-01
1.193209527627914213e-06,9.999987483024597168e-01
9.972681999206542969e-01,2.731834771111607552e-03
8.987097535282373428e-04,9.991012811660766602e-01
9.998688697814941406e-01,1.312900858465582132e-04
7.319806982764021086e-10,9.999999403953552246e-01
3.784461659961380064e-05,9.999621510505676270e-01
9.999133944511413574e-01,8.650821837363764644e-05
9.999989867210388184e-01,9.417943829248542897e-07
9.968959093093872070e-01,3.104083705693483353e-03
9.870859980583190918e-01,1.291399821639060974e-02
9.996986389160156250e-01,3.013518289662897587e-04
4.301386419683694839e-03,9.956985116004943848e-01
9.999986290931701660e-01,1.347400484519312158e-06
1.706260293722152710e-01,8.293739557266235352e-01
9.999698996543884277e-01,3.006837869179435074e-05
9.993117451667785645e-01,6.881392910145223141e-04
1.320970295637380332e-05,9.999867081642150879e-01
9.999999403953552246e-01,1.712079405384678982e-14
9.994467496871948242e-01,5.532208597287535667e-04
9.999986290931701660e-01,1.280071842302277219e-06
1.306198090314865112e-01,8.693801760673522949e-01
1.548558473587036133e-01,8.451441526412963867e-01
1.902132644318044186e-03,9.980977773666381836e-01
3.091487599249376217e-07,9.999995827674865723e-01
9.998059272766113281e-01,1.940783986356109381e-04
6.222234912641594340e-14,9.999999403953552246e-01
2.481527924537658691e-01,7.518471479415893555e-01
9.941828846931457520e-01,5.817079916596412659e-03
9.998784661293029785e-01,1.214032236021012068e-04
5.424413681030273438e-01,4.575586915016174316e-01
5.839818622916936874e-04,9.994159936904907227e-01
9.986523985862731934e-01,1.347600831650197506e-03
2.674386814760509878e-05,9.999732375144958496e-01
1.958242058753967285e-01,8.041758537292480469e-01
8.505926281213760376e-02,9.149407744407653809e-01
2.080498525174334645e-04,9.997918605804443359e-01
9.978420138359069824e-01,2.158066956326365471e-03
8.309805989265441895e-01,1.690194010734558105e-01
9.949365258216857910e-01,5.063550546765327454e-03
5.103751420974731445e-01,4.896249175071716309e-01
9.999590516090393066e-01,4.087667912244796753e-05
5.629646182060241699e-01,4.370354413986206055e-01
4.222205877304077148e-01,5.777794718742370605e-01
9.995258450508117676e-01,4.740892618428915739e-04
1.466885791160166264e-03,9.985330700874328613e-01
9.999900460243225098e-01,9.918706382450181991e-06
5.674869316862896085e-05,9.999431967735290527e-01
8.529068145435303450e-05,9.999145865440368652e-01
8.859975337982177734e-01,1.140024065971374512e-01
2.001650955207878724e-06,9.999979138374328613e-01
3.400777280330657959e-02,9.659922122955322266e-01
9.081128835678100586e-01,9.188715368509292603e-02
7.748998177703469992e-05,9.999224543571472168e-01
9.999884963035583496e-01,1.149423587776254863e-05
9.759898185729980469e-01,2.401006594300270081e-02
9.999997019767761230e-01,2.757675474640564062e-07
6.539267301559448242e-01,3.460732400417327881e-01
9.974253773689270020e-01,2.574611222371459007e-03
2.202452265009924304e-08,9.999999403953552246e-01
8.889394998550415039e-01,1.110604107379913330e-01
9.996326565742492676e-01,3.673378669191151857e-04
9.996938705444335938e-01,3.061432507820427418e-04
9.999994635581970215e-01,5.327874532667919993e-07
7.658622962480876595e-06,9.999923110008239746e-01
2.926617526100017130e-05,9.999706149101257324e-01
1.317716669291257858e-04,9.998681545257568359e-01
7.411167025566101074e-01,2.588832974433898926e-01
4.463448189198970795e-03,9.955364465713500977e-01
7.245417066314985277e-08,9.999998211860656738e-01
3.437282657614559866e-06,9.999964833259582520e-01
3.133236244320869446e-02,9.686677455902099609e-01
9.999980330467224121e-01,1.861799773905659094e-06
1.533426257083192468e-04,9.998466968536376953e-01
4.303294420242309570e-02,9.569671154022216797e-01
9.788215756416320801e-01,2.117840573191642761e-02
3.123570606112480164e-02,9.687642455101013184e-01
9.680390357971191406e-01,3.196091949939727783e-02
9.999999403953552246e-01,7.357928502593757969e-12
1.625151568873661745e-08,9.999999403953552246e-01
6.369109749794006348e-01,3.630890846252441406e-01
8.163189370168183706e-17,9.999999403953552246e-01
4.640365485101938248e-03,9.953595399856567383e-01
2.457144204527139664e-03,9.975427389144897461e-01
9.922842383384704590e-01,7.715843152254819870e-03
9.985324740409851074e-01,1.467429101467132568e-03
3.904059020509720312e-11,9.999999403953552246e-01
4.688878543674945831e-03,9.953111410140991211e-01
8.260554820299148560e-02,9.173944592475891113e-01
3.285800814628601074e-01,6.714198589324951172e-01
2.099539955224827281e-07,9.999997019767761230e-01
9.394568800926208496e-01,6.054312735795974731e-02
7.282966971397399902e-01,2.717031836509704590e-01
9.991680979728698730e-01,8.319023181684315205e-04
9.999918341636657715e-01,8.101465937215834856e-06
9.999999403953552246e-01,3.292045802627541207e-11
5.187612399458885193e-02,9.481238722801208496e-01
9.998864531517028809e-01,1.134303020080551505e-04
6.386282507264695596e-07,9.999993443489074707e-01
3.474001232461887412e-06,9.999964833259582520e-01
3.095787391066551208e-02,9.690421819686889648e-01
9.817906022071838379e-01,1.820927485823631287e-02
9.995675683021545410e-01,4.324242763686925173e-04
9.999999403953552246e-01,1.918496472796960006e-09
6.395285109745862075e-21,9.999999403953552246e-01
4.080071107637195382e-07,9.999995827674865723e-01
1.837363561207894236e-05,9.999815821647644043e-01
8.648983566672541201e-06,9.999912381172180176e-01
2.690260671079158783e-02,9.730973243713378906e-01
1.506472617620602250e-04,9.998493194580078125e-01
9.999893307685852051e-01,1.064378921000752598e-05
9.999925494194030762e-01,7.370215371338417754e-06
9.999424815177917480e-01,5.744081136072054505e-05
9.999839663505554199e-01,1.595833600731566548e-05
9.989302754402160645e-01,1.069691730663180351e-03
2.423251513391733170e-03,9.975767135620117188e-01
2.330513914987862589e-14,9.999999403953552246e-01
8.692042231559753418e-01,1.307957619428634644e-01
5.727457404136657715e-01,4.272543489933013916e-01
9.993291497230529785e-01,6.707895081490278244e-04
9.892090559005737305e-01,1.079083513468503952e-02
1.773669570684432983e-02,9.822632074356079102e-01
1.808898709714412689e-02,9.819109439849853516e-01
4.428662657737731934e-01,5.571337342262268066e-01
1.349612430203706026e-04,9.998650550842285156e-01
9.194549918174743652e-01,8.054500818252563477e-02
9.958268404006958008e-01,4.173206165432929993e-03
9.999926686286926270e-01,7.315972197829978541e-06
2.253802865743637085e-02,9.774619936943054199e-01
9.999998211860656738e-01,7.551204816991230473e-08
1.862147837528027594e-05,9.999813437461853027e-01
9.642518162727355957e-01,3.574803844094276428e-02
9.988666772842407227e-01,1.133343321271240711e-03
9.978246092796325684e-01,2.175390720367431641e-03
7.526917755740214488e-08,9.999998211860656738e-01
2.777268528006970882e-04,9.997223615646362305e-01
1.199246835170697523e-08,9.999999403953552246e-01
2.799507910822285339e-06,9.999971985816955566e-01
9.999998211860656738e-01,8.525211825372025487e-08
9.785763621330261230e-01,2.142364159226417542e-02
6.400642450898885727e-03,9.935993552207946777e-01
6.490975022315979004e-01,3.509024679660797119e-01
9.502944919859146466e-08,9.999998211860656738e-01
4.827152490615844727e-01,5.172848105430603027e-01
9.925100803375244141e-01,7.489922456443309784e-03
9.734864234924316406e-01,2.651350200176239014e-02
9.258253574371337891e-01,7.417456805706024170e-02
9.998731613159179688e-01,1.268988562515005469e-04
9.999999403953552246e-01,7.810571744926164683e-09
6.487801074981689453e-01,3.512198925018310547e-01
9.999542832374572754e-01,4.569217344396747649e-05
3.007608950138092041e-01,6.992391347885131836e-01
9.965754151344299316e-01,3.424584632739424706e-03
3.420163877308368683e-03,9.965797066688537598e-01
9.995483756065368652e-01,4.516508488450199366e-04
1.211102586239576340e-02,9.878889322280883789e-01
9.998505115509033203e-01,1.495231408625841141e-04
4.931742548942565918e-01,5.068258643150329590e-01
9.957775473594665527e-01,4.222487565129995346e-03
8.804842829704284668e-02,9.119515419006347656e-01
9.999757409095764160e-01,2.422074612695723772e-05
3.816762182395905256e-05,9.999617934226989746e-01
9.976942539215087891e-01,2.305752597749233246e-03
9.913372993469238281e-01,8.662526495754718781e-03
9.969273209571838379e-01,3.072694176807999611e-03
9.999056458473205566e-01,9.425269672647118568e-05
9.995163083076477051e-01,4.835804284084588289e-04
3.480673581361770630e-02,9.651932716369628906e-01
9.999638199806213379e-01,3.607061807997524738e-05
9.999999403953552246e-01,1.471602928404536215e-08
4.794756532646715641e-04,9.995204806327819824e-01
9.994376897811889648e-01,5.622960161417722702e-04
9.999994635581970215e-01,5.231934210314648226e-07
9.996457099914550781e-01,3.542402409948408604e-04
9.922695755958557129e-01,7.730404846370220184e-03
9.996526241302490234e-01,3.473419928923249245e-04
2.544642053544521332e-02,9.745535254478454590e-01
9.999999403953552246e-01,1.917633163373011485e-09
9.998731613159179688e-01,1.269252388738095760e-04
7.921522483229637146e-03,9.920784235000610352e-01
9.999999403953552246e-01,9.284956831168145186e-11
5.844923156583803348e-11,9.999999403953552246e-01
1.006174832582473755e-03,9.989938735961914062e-01
9.035496115684509277e-01,9.645033627748489380e-02
9.999987483024597168e-01,1.132588295149616897e-06
9.915974736213684082e-01,8.402418345212936401e-03
9.999924302101135254e-01,7.549672773166093975e-06
7.268012035638093948e-03,9.927319288253784180e-01
2.896907273679971695e-03,9.971029758453369141e-01
1.070465849295487715e-08,9.999999403953552246e-01
9.663001894950866699e-01,3.369984403252601624e-02
9.562605023384094238e-01,4.373948648571968079e-02
2.754944034677464515e-06,9.999971985816955566e-01
9.986384510993957520e-01,1.361501053906977177e-03
1.970106386579573154e-04,9.998030662536621094e-01
9.999985098838806152e-01,1.372863380311173387e-06
9.999999403953552246e-01,4.428479111195926521e-11
9.999120831489562988e-01,8.787183469394221902e-05
2.648876229471852639e-09,9.999999403953552246e-01
9.999862313270568848e-01,1.375918236590223387e-05
9.188888669013977051e-01,8.111106604337692261e-02
6.000040769577026367e-01,3.999960124492645264e-01
9.999304413795471191e-01,6.945802306290715933e-05
9.999995827674865723e-01,3.639017052137205610e-07
9.781532287597656250e-01,2.184670604765415192e-02
3.130586992483586073e-05,9.999685883522033691e-01
9.999892115592956543e-01,1.068554774974472821e-05
1.293851528316736221e-03,9.987061023712158203e-01
1.141459569334983826e-01,8.858540058135986328e-01
9.731788635253906250e-01,2.682120352983474731e-02
2.269931882619857788e-02,9.773007631301879883e-01
7.896131873130798340e-01,2.103868275880813599e-01
9.826116561889648438e-01,1.738847047090530396e-02
4.239527042955160141e-03,9.957604408264160156e-01
3.324295282363891602e-01,6.675704717636108398e-01
5.349323749542236328e-01,4.650676250457763672e-01
4.291731864213943481e-03,9.957082271575927734e-01
9.999995827674865723e-01,3.746398249404592207e-07
9.886330962181091309e-01,1.136688422411680222e-02
1.461793435737490654e-04,9.998538494110107422e-01
1.493129786103963852e-02,9.850687384605407715e-01
2.644122838973999023e-01,7.355877757072448730e-01
3.366985183674842119e-04,9.996633529663085938e-01
9.920092821121215820e-01,7.990745827555656433e-03
9.986490607261657715e-01,1.350916223600506783e-03
9.999683499336242676e-01,3.154911246383562684e-05
9.999795556068420410e-01,2.039890932792332023e-05
9.999420046806335449e-01,5.795940887765027583e-05
9.999999403953552246e-01,1.521345893706893548e-08
8.683351278305053711e-01,1.316648274660110474e-01
2.973394095897674561e-01,7.026606202125549316e-01
9.999999403953552246e-01,6.931050844372066422e-09
7.361951603890304341e-10,9.999999403953552246e-01
5.529593229293823242e-01,4.470405876636505127e-01
4.801971372216939926e-03,9.951980710029602051e-01
4.897934218206501100e-07,9.999994635581970215e-01
9.956574453795496993e-11,9.999999403953552246e-01
9.999995827674865723e-01,3.371271475316461874e-07
1.775599434040486813e-03,9.982243776321411133e-01
8.683763146400451660e-01,1.316237449645996094e-01
7.228395435959100723e-03,9.927715063095092773e-01
2.481675706803798676e-03,9.975182414054870605e-01
6.796052184654399753e-05,9.999319911003112793e-01
9.998655319213867188e-01,1.344464108115062118e-04
9.984424114227294922e-01,1.557570998556911945e-03
9.999931454658508301e-01,6.837903583800652996e-06
9.906485080718994141e-01,9.351520799100399017e-03
9.917327165603637695e-01,8.267261087894439697e-03
9.654674530029296875e-01,3.453256934881210327e-02
9.999380707740783691e-01,6.191938882693648338e-05
6.719769316987367347e-06,9.999932646751403809e-01
1.977082341909408569e-01,8.022917509078979492e-01
9.344093203544616699e-01,6.559061259031295776e-02
3.518114984035491943e-02,9.648188948631286621e-01
9.944014549255371094e-01,5.598498042672872543e-03
2.907082307501696050e-05,9.999708533287048340e-01
9.989107251167297363e-01,1.089164288714528084e-03
1.449744786441442557e-07,9.999998211860656738e-01
9.999999403953552246e-01,1.684940412141521535e-19
9.970170259475708008e-01,2.982866950333118439e-03
9.933260083198547363e-01,6.674063857644796371e-03
6.836183959272592800e-15,9.999999403953552246e-01
6.882646630401723087e-06,9.999930262565612793e-01
9.999999403953552246e-01,2.387427582017931371e-11
3.290312888566404581e-04,9.996709823608398438e-01
9.999719262123107910e-01,2.806741940730717033e-05
4.483317732810974121e-01,5.516682267189025879e-01
9.999909996986389160e-01,8.894845450413413346e-06
9.997723102569580078e-01,2.276470477227121592e-04
9.898425340652465820e-01,1.015744451433420181e-02
5.046864748001098633e-01,4.953135251998901367e-01
1.865190824901219457e-05,9.999813437461853027e-01
9.652734398841857910e-01,3.472645580768585205e-02
5.607451312243938446e-03,9.943925738334655762e-01
1.065564155578613281e-01,8.934435248374938965e-01
9.252194166183471680e-01,7.478058338165283203e-02
9.999756217002868652e-01,2.426189348625484854e-05
9.999774098396301270e-01,2.253162347187753767e-05
9.999997019767761230e-01,2.194240806829839130e-07
9.999806284904479980e-01,1.928501296788454056e-05
1.929030304381740279e-06,9.999980330467224121e-01
6.702539920806884766e-01,3.297461271286010742e-01
3.429202033444767039e-09,9.999999403953552246e-01
1.198589188788901083e-06,9.999987483024597168e-01
2.529062889516353607e-02,9.747092723846435547e-01
9.998524188995361328e-01,1.476820907555520535e-04
9.658722281455993652e-01,3.412778303027153015e-02
4.961811006069183350e-02,9.503818154335021973e-01
4.824926853179931641e-01,5.175073742866516113e-01
8.890814185142517090e-01,1.109185144305229187e-01
7.503943983465433121e-03,9.924960136413574219e-01
7.405482530593872070e-01,2.594516873359680176e-01
9.999998211860656738e-01,1.580713444582215743e-07
9.995186924934387207e-01,4.812880943063646555e-04
9.957446455955505371e-01,4.255306441336870193e-03
9.999842047691345215e-01,1.568838160892482847e-05
9.993258118629455566e-01,6.741657271049916744e-04
4.023215919733047485e-02,9.597677588462829590e-01
9.981824755668640137e-01,1.817511511035263538e-03
9.999923110008239746e-01,7.625694706803187728e-06
3.949723243713378906e-01,6.050276756286621094e-01
2.759189519565552473e-04,9.997241497039794922e-01
2.160056978464126587e-01,7.839942574501037598e-01
9.797447919845581055e-01,2.025511860847473145e-02
3.615989407990127802e-05,9.999638199806213379e-01
1.488698995672166348e-03,9.985111951828002930e-01
9.991244077682495117e-01,8.755982853472232819e-04
9.961270689964294434e-01,3.872818080708384514e-03
5.212155636399984360e-03,9.947877526283264160e-01
9.990944862365722656e-01,9.055393165908753872e-04
7.545580156147480011e-03,9.924543499946594238e-01
7.009018659591674805e-01,2.990980446338653564e-01
9.999335408210754395e-01,6.640663923462852836e-05
7.546081542968750000e-01,2.453917711973190308e-01
9.999194741249084473e-01,8.040825196076184511e-05
9.999958872795104980e-01,4.072244792041601613e-06
5.225305557250976562e-01,4.774695038795471191e-01
5.176221020519733429e-04,9.994823336601257324e-01
9.999644160270690918e-01,3.549821485648863018e-05
9.953947663307189941e-01,4.605154506862163544e-03
6.713775992393493652e-01,3.286224305629730225e-01
4.465491656446829438e-05,9.999552369117736816e-01
9.210917596647050232e-06,9.999907612800598145e-01
1.508519344497472048e-04,9.998490810394287109e-01
9.998531341552734375e-01,1.469325798097997904e-04
9.252536296844482422e-01,7.474637776613235474e-02
8.885598778724670410e-01,1.114400327205657959e-01
2.126043958938783618e-11,9.999999403953552246e-01
9.979938864707946777e-01,2.006068360060453415e-03
2.297296305187046528e-05,9.999769330024719238e-01
9.999417662620544434e-01,5.819073703605681658e-05
9.999999403953552246e-01,2.061030213412317486e-14
9.991810917854309082e-01,8.189319050870835781e-04
9.645836353302001953e-01,3.541638329625129700e-02
2.316385689482558519e-06,9.999976754188537598e-01
5.098412317328104848e-11,9.999999403953552246e-01
2.859453260898590088e-01,7.140546441078186035e-01
9.693670868873596191e-01,3.063292615115642548e-02
8.526531746610999107e-05,9.999147057533264160e-01
9.997037649154663086e-01,2.963134320452809334e-04
9.999923110008239746e-01,7.608246050949674100e-06
7.150607705116271973e-01,2.849392592906951904e-01
9.623184204101562500e-01,3.768151625990867615e-02
1.695899991318583488e-04,9.998304843902587891e-01
1.040098909288644791e-02,9.895989894866943359e-01
1.757902279496192932e-02,9.824209809303283691e-01
9.999999403953552246e-01,7.312303651474394428e-09
1.957017332315444946e-01,8.042982220649719238e-01
7.788389325141906738e-01,2.211610674858093262e-01
6.332054138183593750e-01,3.667944967746734619e-01
4.115777996194225352e-10,9.999999403953552246e-01
9.522252716124057770e-03,9.904778003692626953e-01
4.173906147480010986e-01,5.826092958450317383e-01
9.971342086791992188e-01,2.865832764655351639e-03
9.745734743773937225e-03,9.902541637420654297e-01
9.914599061012268066e-01,8.540171198546886444e-03
9.999995827674865723e-01,3.627589535426523071e-07
3.397118130961211679e-14,9.999999403953552246e-01
9.999945759773254395e-01,5.411169240687740967e-06
9.999926686286926270e-01,7.213106982817407697e-06
1.034142263233661652e-02,9.896584749221801758e-01
2.896370291709899902e-01,7.103629112243652344e-01
7.781150052323937416e-04,9.992219805717468262e-01
1.419037580490112305e-01,8.580961823463439941e-01
5.629987921565771103e-03,9.943700432777404785e-01
9.485808610916137695e-01,5.141909047961235046e-02
9.999937415122985840e-01,6.249280886549968272e-06
1.736048830025538336e-06,9.999981522560119629e-01
9.998996853828430176e-01,1.002076096483506262e-04
1.322499662637710571e-01,8.677499890327453613e-01
9.808132648468017578e-01,1.918663643300533295e-02
9.986990690231323242e-01,1.300890580751001835e-03
7.476969957351684570e-01,2.523029446601867676e-01
9.900746345520019531e-01,9.925372898578643799e-03
6.902570021338760853e-06,9.999930262565612793e-01
3.077746033668518066e-01,6.922253370285034180e-01
9.992000460624694824e-01,8.000261150300502777e-04
5.163687433196173515e-07,9.999994635581970215e-01
9.999757409095764160e-01,2.416251481918152422e-05
1.029822378768585622e-04,9.998969435691833496e-01
9.999637007713317871e-01,3.628486956586129963e-05
9.986060857772827148e-01,1.393878599628806114e-03
9.987791776657104492e-01,1.220828387886285782e-03
9.995236992835998535e-01,4.762817989103496075e-04
6.666398985544219613e-05,9.999333024024963379e-01
9.994491338729858398e-01,5.507679888978600502e-04
2.077805344015359879e-03,9.979221820831298828e-01
9.989313483238220215e-01,1.068613142706453800e-03
2.066098302602767944e-01,7.933902144432067871e-01
2.345857908949255943e-03,9.976540207862854004e-01
1.789449584066460375e-06,9.999981522560119629e-01
9.980992078781127930e-01,1.900802482850849628e-03
6.738162599503993988e-03,9.932618141174316406e-01
1.491997671243527890e-11,9.999999403953552246e-01
1.540573500096797943e-02,9.845942258834838867e-01
9.999988675117492676e-01,1.117403144235140644e-06
9.999997019767761230e-01,1.902947417420364218e-07
2.496765905135589492e-09,9.999999403953552246e-01
9.925415515899658203e-01,7.458440493792295456e-03
9.999769330024719238e-01,2.298543404322117567e-05
5.033402238041162491e-03,9.949665069580078125e-01
9.999325871467590332e-01,6.730562745360657573e-05
1.928206302181934007e-06,9.999980330467224121e-01
8.597435355186462402e-01,1.402563452720642090e-01
9.999998211860656738e-01,1.220635255094748572e-07
7.746198177337646484e-01,2.253801375627517700e-01
9.999973177909851074e-01,2.639266313053667545e-06
1.155992522835731506e-01,8.844006657600402832e-01
1.375605462872186990e-10,9.999999403953552246e-01
9.997044801712036133e-01,2.956040843855589628e-04
9.991610646247863770e-01,8.388921269215643406e-04
9.995180964469909668e-01,4.818375164177268744e-04
9.999999403953552246e-01,2.770293890119734925e-11
2.406512612651567906e-05,9.999758601188659668e-01
8.115919740703247953e-07,9.999991059303283691e-01
9.763148427009582520e-01,2.368506416678428650e-02
9.942476153373718262e-01,5.752365104854106903e-03
9.474697709083557129e-01,5.253026634454727173e-02
1.223722705617547035e-03,9.987763166427612305e-01
8.853151202201843262e-01,1.146849542856216431e-01
4.717589914798736572e-01,5.282409787178039551e-01
9.999998211860656738e-01,1.228700909905455774e-07
3.314086496829986572e-01,6.685913205146789551e-01
2.703790664672851562e-01,7.296208739280700684e-01
3.408220072742551565e-05,9.999658465385437012e-01
7.441698573529720306e-03,9.925582408905029297e-01
6.338979601860046387e-01,3.661020100116729736e-01
9.988993406295776367e-01,1.100664376281201839e-03
5.444307327270507812e-01,4.555692970752716064e-01
7.168899476528167725e-02,9.283109307289123535e-01
1.855698741337619140e-07,9.999997019767761230e-01
9.909267723560333252e-02,9.009073972702026367e-01
9.886043071746826172e-01,1.139566302299499512e-02
9.999998211860656738e-01,7.076457109178591054e-08
5.410173343989299610e-06,9.999945759773254395e-01
7.393042091280221939e-03,9.926069974899291992e-01
9.999914765357971191e-01,8.410590453422628343e-06
3.438000567257404327e-03,9.965618848800659180e-01
3.066144287586212158e-01,6.933854818344116211e-01
6.356827616691589355e-01,3.643172085285186768e-01
7.819637060165405273e-01,2.180363088846206665e-01
7.612410187721252441e-01,2.387591004371643066e-01
9.996092915534973145e-01,3.907672362402081490e-04
2.915786535595543683e-05,9.999707341194152832e-01
9.999917149543762207e-01,8.266611985163763165e-06
9.999633431434631348e-01,3.664271935122087598e-05
9.997320175170898438e-01,2.680795150808990002e-04
9.999995827674865723e-01,3.982053442541655386e-07
5.130842924118041992e-01,4.869156777858734131e-01
9.973639249801635742e-01,2.636123448610305786e-03
9.999986290931701660e-01,1.284056565964419860e-06
4.882084205746650696e-03,9.951178431510925293e-01
9.112193584442138672e-01,8.878067135810852051e-02
9.662815332412719727e-01,3.371841832995414734e-02
8.777443872531875968e-05,9.999122023582458496e-01
8.685415983200073242e-01,1.314583122730255127e-01
9.747328758239746094e-01,2.526702545583248138e-02
9.999901652336120605e-01,9.788260285858996212e-06
5.403684973716735840e-01,4.596314430236816406e-01
5.793353319168090820e-01,4.206646680831909180e-01
9.999377131462097168e-01,6.220037175808101892e-05
9.646265506744384766e-01,3.537348285317420959e-02
5.680538015440106392e-05,9.999430775642395020e-01
9.994589090347290039e-01,5.411371821537613869e-04
8.744087815284729004e-01,1.255912035703659058e-01
3.829883038997650146e-02,9.617012143135070801e-01
9.561873078346252441e-01,4.381258785724639893e-02
5.461730360984802246e-01,4.538270235061645508e-01
7.913494641798024531e-07,9.999991059303283691e-01
9.846739172935485840e-01,1.532603707164525986e-02
9.999999403953552246e-01,4.907654282959583725e-10
9.999862313270568848e-01,1.367558888887288049e-05
1.097903959453105927e-02,9.890210032463073730e-01
8.524146943855726022e-10,9.999999403953552246e-01
3.314086472697846952e-13,9.999999403953552246e-01
9.779121279716491699e-01,2.208787575364112854e-02
2.147743478417396545e-02,9.785225391387939453e-01
9.936083555221557617e-01,6.391638889908790588e-03
5.131410062313079834e-02,9.486858248710632324e-01
6.553511023521423340e-01,3.446489572525024414e-01
4.083024123247014359e-06,9.999958872795104980e-01
9.999819397926330566e-01,1.794247327779885381e-05
5.995583534240722656e-01,4.004416465759277344e-01
9.955813288688659668e-01,4.418547730892896652e-03
1.171973347663879395e-02,9.882802963256835938e-01
5.032093822956085205e-02,9.496790766716003418e-01
9.809373617172241211e-01,1.906262896955013275e-02
3.593907654285430908e-01,6.406092643737792969e-01
7.665833834380464396e-08,9.999998211860656738e-01
8.880199193954467773e-01,1.119801476597785950e-01
3.484512493014335632e-02,9.651548266410827637e-01
9.993889927864074707e-01,6.110718240961432457e-04
1.487882807850837708e-02,9.851210713386535645e-01
3.495145151077849732e-08,9.999999403953552246e-01
7.887101769447326660e-01,2.112898379564285278e-01
8.327112793922424316e-01,1.672886908054351807e-01
9.999999403953552246e-01,3.135756654337740201e-10
9.999999403953552246e-01,1.328620502505373224e-08
9.990057349205017090e-01,9.941466851159930229e-04
7.274720444636929850e-15,9.999999403953552246e-01
9.794859290122985840e-01,2.051408216357231140e-02
9.999645352363586426e-01,3.546289008227176964e-05
9.999951720237731934e-01,4.819847163162194192e-06
2.107376754283905029e-01,7.892622947692871094e-01
1.160650327801704407e-02,9.883933663368225098e-01
3.429653228081974703e-09,9.999999403953552246e-01
9.977890849113464355e-01,2.211000537499785423e-03
7.032904028892517090e-02,9.296709299087524414e-01
5.853086113929748535e-01,4.146914184093475342e-01
9.999999403953552246e-01,4.969037958879596317e-10
9.997904300689697266e-01,2.096836979035288095e-04
9.982122182846069336e-01,1.787798944860696793e-03
9.989874362945556641e-01,1.012650784105062485e-03
9.996757507324218750e-01,3.242998209316283464e-04
7.063960219966247678e-05,9.999292492866516113e-01
2.335797034902498126e-05,9.999765753746032715e-01
3.306576050817966461e-03,9.966933131217956543e-01
9.999933838844299316e-01,6.556499556609196588e-06
9.368317723274230957e-01,6.316815316677093506e-02
9.807000160217285156e-01,1.929999887943267822e-02
1.910973489284515381e-01,8.089026808738708496e-01
7.417674660682678223e-01,2.582325339317321777e-01
1.162597239017486572e-01,8.837403059005737305e-01
6.179457996040582657e-03,9.938205480575561523e-01
9.999999403953552246e-01,3.020273198206524512e-10
9.810103178024291992e-01,1.898956112563610077e-02
9.999987483024597168e-01,1.249059209840197582e-06
9.208879419020377100e-06,9.999907612800598145e-01
9.813648462295532227e-01,1.863509416580200195e-02
1.613283157348632812e-01,8.386715650558471680e-01
7.904455997049808502e-03,9.920954704284667969e-01
3.185823261737823486e-01,6.814177036285400391e-01
4.512301087379455566e-02,9.548770785331726074e-01
9.930203668773174286e-04,9.990069270133972168e-01
8.189853429794311523e-01,1.810145378112792969e-01
9.999999403953552246e-01,4.560158917144008228e-10
7.452661395072937012e-01,2.547338306903839111e-01
3.478218104646657594e-06,9.999964833259582520e-01
9.999219775199890137e-01,7.801031460985541344e-05
9.981387853622436523e-01,1.861256896518170834e-03
9.988453984260559082e-01,1.154608326032757759e-03
9.999977946281433105e-01,2.160719986932235770e-06
4.206339642405509949e-02,9.579366445541381836e-01
9.980011582374572754e-01,1.998821506276726723e-03
5.254527715714552016e-11,9.999999403953552246e-01
4.507141129579395056e-04,9.995492100715637207e-01
9.515582323074340820e-01,4.844169318675994873e-02
4.754953843075782061e-04,9.995244145393371582e-01
2.178484341129660606e-03,9.978215098381042480e-01
9.626055543776601553e-06,9.999902844429016113e-01
9.999999403953552246e-01,5.308712403007120884e-08
9.999993443489074707e-01,6.046335556675330736e-07
5.677695851773023605e-03,9.943222999572753906e-01
9.998909831047058105e-01,1.089728393708355725e-04
1.207396871905075386e-05,9.999879002571105957e-01
9.994843602180480957e-01,5.155820399522781372e-04
9.999075531959533691e-01,9.237055201083421707e-05
9.999997019767761230e-01,2.342389109344367171e-07
1.016774177551269531e-01,8.983225822448730469e-01
9.979433417320251465e-01,2.056660130620002747e-03
9.914094209671020508e-01,8.590560406446456909e-03
9.998409748077392578e-01,1.589934399817138910e-04
9.999930262565612793e-01,6.928277798579074442e-06
7.341833710670471191e-01,2.658165097236633301e-01
9.999753832817077637e-01,2.461304757161997259e-05
5.791311608049909410e-08,9.999999403953552246e-01
6.328332424163818359e-01,3.671667277812957764e-01
9.845763444900512695e-01,1.542369835078716278e-02
9.972036480903625488e-01,2.796287881210446358e-03
9.273267096432391554e-06,9.999906420707702637e-01
9.870140615930722561e-08,9.999998211860656738e-01
2.638798207044601440e-02,9.736120104789733887e-01
9.045190215110778809e-01,9.548095613718032837e-02
9.998779892921447754e-01,1.219644909724593163e-04
9.161390066146850586e-01,8.386102318763732910e-02
9.999844431877136230e-01,1.551694003865122795e-05
8.145643604073882216e-10,9.999999403953552246e-01
9.408438205718994141e-01,5.915611237287521362e-02
9.980943202972412109e-01,1.905612181872129440e-03
8.489239215850830078e-01,1.510761082172393799e-01
9.983982443809509277e-01,1.601792406290769577e-03
9.999827742576599121e-01,1.718991552479565144e-05
9.374279975891113281e-01,6.257190555334091187e-02
2.067532949149608612e-02,9.793246388435363770e-01
1.846408993005752563e-01,8.153589963912963867e-01
2.134546870365738869e-03,9.978655576705932617e-01
9.901055693626403809e-01,9.894456714391708374e-03
9.999998211860656738e-01,1.494400123647210421e-07
9.999992251396179199e-01,7.637461294507374987e-07
4.059284329414367676e-01,5.940715074539184570e-01
9.999998211860656738e-01,1.781554317403788446e-07
9.999999403953552246e-01,4.115279850225306291e-08
7.158333659172058105e-01,2.841665744781494141e-01
6.388425827026367188e-01,3.611573874950408936e-01
9.997620582580566406e-01,2.380294172326102853e-04
1.611276268959045410e-01,8.388723731040954590e-01
9.324149489402770996e-01,6.758503615856170654e-02
8.511697649955749512e-01,1.488302201032638550e-01
3.020443841705855448e-07,9.999995827674865723e-01
9.998755455017089844e-01,1.245346938958391547e-04
9.908359050750732422e-01,9.163999930024147034e-03
4.288422701392846648e-07,9.999994635581970215e-01
8.605399727821350098e-01,1.394599229097366333e-01
5.381951853632926941e-02,9.461805224418640137e-01
9.607565402984619141e-01,3.924337401986122131e-02
9.996731281280517578e-01,3.269154112786054611e-04
5.829893797636032104e-02,9.417010545730590820e-01
9.944022893905639648e-01,5.597653798758983612e-03
2.525947988033294678e-01,7.474051713943481445e-01
1.542184691061265767e-06,9.999983906745910645e-01
1.171037808944674907e-07,9.999998211860656738e-01
9.998395442962646484e-01,1.604521676199510694e-04
9.997622966766357422e-01,2.376860502408817410e-04
9.999932646751403809e-01,6.673010375379817560e-06
1.064004972577095032e-01,8.935995101928710938e-01
1.505593871797827887e-07,9.999998211860656738e-01
9.844016432762145996e-01,1.559836510568857193e-02
9.982146024703979492e-01,1.785427099093794823e-03
9.999670386314392090e-01,3.287298750365152955e-05
2.895066972996573895e-05,9.999709725379943848e-01
7.968564629554748535e-01,2.031435072422027588e-01
9.893271327018737793e-01,1.067281235009431839e-02
2.117361873388290405e-02,9.788264036178588867e-01
9.996727705001831055e-01,3.272765316069126129e-04
2.943612287253927207e-07,9.999997019767761230e-01
6.213616579771041870e-02,9.378638267517089844e-01
9.969136118888854980e-01,3.086331766098737717e-03
2.102959889560551687e-10,9.999999403953552246e-01
9.997951984405517578e-01,2.047961024800315499e-04
2.340160161256790161e-01,7.659839987754821777e-01
9.999995827674865723e-01,4.155031660957320128e-07
9.937800168991088867e-01,6.219882983714342117e-03
9.999995827674865723e-01,3.358019000643253094e-07
9.175149798393249512e-01,8.248500525951385498e-02
7.629534229636192322e-04,9.992370605468750000e-01
9.999992251396179199e-01,7.333340477089222986e-07
9.859652519226074219e-01,1.403473597019910812e-02
9.630818367004394531e-01,3.691827505826950073e-02
6.709558074362576008e-04,9.993290305137634277e-01
9.999988675117492676e-01,1.131765657191863284e-06
9.961829185485839844e-01,3.817164339125156403e-03
7.316371775232255459e-04,9.992682933807373047e-01
2.389895380474627018e-04,9.997611045837402344e-01
9.998767375946044922e-01,1.232268987223505974e-04
9.345219731330871582e-01,6.547807902097702026e-02
2.171969626374448126e-08,9.999999403953552246e-01
1.048248168081045151e-02,9.895175099372863770e-01
9.135817289352416992e-01,8.641830086708068848e-02
9.972333908081054688e-01,2.766729099676012993e-03
9.999466538429260254e-01,5.326933023752644658e-05
9.999503493309020996e-01,4.953092502546496689e-05
9.998035430908203125e-01,1.965899573406204581e-04
2.277190983295440674e-02,9.772280454635620117e-01
2.403579401288880035e-06,9.999975562095642090e-01
6.339136958122253418e-01,3.660862445831298828e-01
3.872700472129508853e-05,9.999611973762512207e-01
9.955317378044128418e-01,4.468165338039398193e-03
9.684227108955383301e-01,3.157720714807510376e-02
1.334195882081985474e-01,8.665804862976074219e-01
5.674098618328571320e-03,9.943259954452514648e-01
1.270387350871260423e-09,9.999999403953552246e-01
9.958676695823669434e-01,4.132236819714307785e-03
9.999999403953552246e-01,3.420109528917691932e-09
9.999305605888366699e-01,6.943007610971108079e-05
9.888440370559692383e-01,1.115588378161191940e-02
2.178045809268951416e-01,7.821955084800720215e-01
3.059758804738521576e-02,9.694023132324218750e-01
6.770805455744266510e-03,9.932291507720947266e-01
6.449648737907409668e-01,3.550351262092590332e-01
9.999999403953552246e-01,3.114314139907037315e-08
8.607900235801935196e-05,9.999138712882995605e-01
9.985192418098449707e-01,1.480797887779772282e-03
7.683898806571960449e-01,2.316101342439651489e-01
9.933549165725708008e-01,6.645143963396549225e-03
2.758412165349000134e-09,9.999999403953552246e-01
2.098964899778366089e-01,7.901034355163574219e-01
9.999875426292419434e-01,1.235881700267782435e-05
9.999564290046691895e-01,4.348699803813360631e-05
9.434753656387329102e-01,5.652455240488052368e-02
9.988207221031188965e-01,1.179307233542203903e-03
5.991757916490314528e-07,9.999993443489074707e-01
2.050561488431412727e-05,9.999794363975524902e-01
7.571432888653362170e-06,9.999923110008239746e-01
7.184239625930786133e-01,2.815760076045989990e-01
7.132309079170227051e-01,2.867690622806549072e-01
9.999985098838806152e-01,1.451359480597602669e-06
6.793532520532608032e-02,9.320645928382873535e-01
9.735358953475952148e-01,2.646419219672679901e-02
8.586829155683517456e-02,9.141317009925842285e-01
4.185926272270990012e-08,9.999999403953552246e-01
9.999590516090393066e-01,4.084129977854900062e-05
1.060136873275041580e-02,9.893985986709594727e-01
2.012113481760025024e-02,9.798789024353027344e-01
5.064439401030540466e-02,9.493556618690490723e-01
2.441219687461853027e-01,7.558780312538146973e-01
6.237376332283020020e-01,3.762623071670532227e-01
9.999958872795104980e-01,4.005541086371522397e-06
9.967376589775085449e-01,3.262384561821818352e-03
9.999988675117492676e-01,1.118712475545180496e-06
1.288138777017593384e-01,8.711861371994018555e-01
1.189248636364936829e-02,9.881074428558349609e-01
8.820501565933227539e-01,1.179498210549354553e-01
3.244345134589821100e-05,9.999675154685974121e-01
2.597332604636903852e-05,9.999739527702331543e-01
9.972849511541426182e-05,9.999001622200012207e-01
9.880045056343078613e-01,1.199549995362758636e-02
2.343306050534010865e-06,9.999975562095642090e-01
7.669994235038757324e-02,9.233000278472900391e-01
9.836558699607849121e-01,1.634410768747329712e-02
5.470444560050964355e-01,4.529554545879364014e-01
5.984515696763992310e-02,9.401549100875854492e-01
9.999865889549255371e-01,1.338684432994341478e-05
2.838764339685440063e-03,9.971612095832824707e-01
5.504243308678269386e-04,9.994496107101440430e-01
9.995488524436950684e-01,4.511555889621376991e-04
6.826875209808349609e-01,3.173125386238098145e-01
1.968655269593000412e-03,9.980313777923583984e-01
5.084362930674046765e-10,9.999999403953552246e-01
9.991134405136108398e-01,8.865411509759724140e-04
9.083867073059082031e-01,9.161326289176940918e-02
9.999687075614929199e-01,3.123194619547575712e-05
9.971933960914611816e-01,2.806555712595582008e-03
6.777560710906982422e-01,3.222438693046569824e-01
9.999840855598449707e-01,1.583701850904617459e-05
9.982804059982299805e-01,1.719567808322608471e-03
2.157734334468841553e-02,9.784226417541503906e-01
2.984369173645973206e-03,9.970155954360961914e-01
2.379021025262773037e-04,9.997620582580566406e-01
9.927332401275634766e-01,7.266725413501262665e-03
6.772518157958984375e-01,3.227481245994567871e-01
1.436356361955404282e-02,9.856364130973815918e-01
7.625427097082138062e-02,9.237456917762756348e-01
1.429843814548803493e-05,9.999856352806091309e-01
7.675405740737915039e-01,2.324594557285308838e-01
5.561325451708398759e-06,9.999943375587463379e-01
1.046361219891878136e-07,9.999998211860656738e-01
2.633792161941528320e-02,9.736620783805847168e-01
5.002702400088310242e-02,9.499728679656982422e-01
9.983149170875549316e-01,1.685007475316524506e-03
9.999660849571228027e-01,3.390791607671417296e-05
8.863414078950881958e-02,9.113659262657165527e-01
9.999989867210388184e-01,9.490280490354052745e-07
2.289328112965449691e-04,9.997711181640625000e-01
9.858699440956115723e-01,1.413011178374290466e-02
9.963203072547912598e-01,3.679585177451372147e-03
9.968844056129455566e-01,3.115571103990077972e-03
9.801632761955261230e-01,1.983666792511940002e-02
1.910641342401504517e-01,8.089358806610107422e-01
9.997110366821289062e-01,2.889472816605120897e-04
8.662978410720825195e-01,1.337020546197891235e-01
1.350613385438919067e-01,8.649386763572692871e-01
9.999997019767761230e-01,2.768146600828913506e-07
7.469829320907592773e-01,2.530170381069183350e-01
9.999956488609313965e-01,4.237396296957740560e-06
9.999998211860656738e-01,1.328676830780750606e-07
9.850835204124450684e-01,1.491649169474840164e-02
9.001838043332099915e-03,9.909981489181518555e-01
9.431484937667846680e-01,5.685147270560264587e-02
5.102800577878952026e-02,9.489719867706298828e-01
8.554445505142211914e-01,1.445554494857788086e-01
3.216152545064687729e-03,9.967838525772094727e-01
9.999913573265075684e-01,8.590340257796924561e-06
9.895606637001037598e-01,1.043924596160650253e-02
9.997849464416503906e-01,2.150283398805186152e-04
5.890611931681632996e-02,9.410938620567321777e-01
9.999973177909851074e-01,2.660768132045632228e-06
9.999999403953552246e-01,2.479644045649820328e-08
9.871682152152061462e-03,9.901283383369445801e-01
4.319478273391723633e-01,5.680520534515380859e-01
9.999995827674865723e-01,3.592103325900097843e-07
8.460412025451660156e-01,1.539587527513504028e-01
1.042755693197250366e-01,8.957244157791137695e-01
6.864849328994750977e-01,3.135150969028472900e-01
4.904613494873046875e-01,5.095385909080505371e-01
3.634826484244513267e-08,9.999999403953552246e-01
6.795182824134826660e-01,3.204817473888397217e-01
9.508134126663208008e-01,4.918650537729263306e-02
9.999999403953552246e-01,5.231404998085054103e-08
9.999502301216125488e-01,4.974493276677094400e-05
9.970279335975646973e-01,2.972083631902933121e-03
9.197196364402770996e-01,8.028032630681991577e-02
8.882912397384643555e-01,1.117087602615356445e-01
1.656800850469153374e-05,9.999833703041076660e-01
6.313951686024665833e-03,9.936860203742980957e-01
9.995414614677429199e-01,4.584880953188985586e-04
8.507137894630432129e-01,1.492862254381179810e-01
2.377664484083652496e-02,9.762232303619384766e-01
7.787858247756958008e-01,2.212140560150146484e-01
9.999628663063049316e-01,3.706427742145024240e-05
9.999652504920959473e-01,3.474650293355807662e-05
5.115339831718301866e-07,9.999994635581970215e-01
4.349661525338888168e-03,9.956502914428710938e-01
9.994431734085083008e-01,5.569334025494754314e-04
6.595719456672668457e-01,3.404280245304107666e-01
9.949286580085754395e-01,5.071305669844150543e-03
6.099946913309395313e-04,9.993900060653686523e-01
8.701817222345198388e-08,9.999998211860656738e-01
9.980568289756774902e-01,1.943090581335127354e-03
2.155620313715189695e-05,9.999783635139465332e-01
5.323272347450256348e-01,4.676727652549743652e-01
9.999435544013977051e-01,5.643127224175259471e-05
9.900347590446472168e-01,9.965200908482074738e-03
6.168138608336448669e-02,9.383186101913452148e-01
9.993224740028381348e-01,6.775344372726976871e-04
6.875723004341125488e-01,3.124277293682098389e-01
1.940068869998867740e-07,9.999997019767761230e-01
6.208498962223529816e-03,9.937915205955505371e-01
9.985483288764953613e-01,1.451702555641531944e-03
9.403516054153442383e-01,5.964832752943038940e-02
1.594416797161102295e-02,9.840558767318725586e-01
5.902985890891832010e-13,9.999999403953552246e-01
2.987451175329169928e-09,9.999999403953552246e-01
4.309268668293952942e-02,9.569073319435119629e-01
3.332896856591105461e-03,9.966670274734497070e-01
1.480479841120541096e-03,9.985194802284240723e-01
8.888459319678077009e-07,9.999991059303283691e-01
9.933241009712219238e-01,6.675877608358860016e-03
4.113155227969400585e-05,9.999588131904602051e-01
9.995281100273132324e-01,4.718377604149281979e-04
2.188214784837327898e-05,9.999780058860778809e-01
9.999991059303283691e-01,7.808548048160446342e-07
9.999390244483947754e-01,6.094866330386139452e-05
1.636291891336441040e-01,8.363708257675170898e-01
4.222817718982696533e-01,5.777181982994079590e-01
9.999991059303283691e-01,7.759212508062773850e-07
2.453735172748565674e-01,7.546265125274658203e-01
2.125202902547584927e-09,9.999999403953552246e-01
1.676941610639914870e-04,9.998323917388916016e-01
7.552864551544189453e-01,2.447133958339691162e-01
2.522120194043964148e-04,9.997478723526000977e-01
5.817631245008669794e-05,9.999417662620544434e-01
6.534660607576370239e-02,9.346534013748168945e-01
5.603033228357423567e-12,9.999999403953552246e-01
9.913784265518188477e-01,8.621471002697944641e-03
9.956265687942504883e-01,4.373370204120874405e-03
9.954341650009155273e-01,4.565897397696971893e-03
9.999949336051940918e-01,4.973793238605139777e-06
9.999291300773620605e-01,7.075562461977824569e-05
9.995067715644836426e-01,4.931426374241709709e-04
1.599483034908644186e-08,9.999999403953552246e-01
2.959008095785975456e-03,9.970409274101257324e-01
7.361294329166412354e-02,9.263870120048522949e-01
8.776816725730895996e-01,1.223183199763298035e-01
2.142511159181594849e-01,7.857488989830017090e-01
9.999999403953552246e-01,1.824219353352418693e-08
1.224192747173447060e-08,9.999999403953552246e-01
9.879313111305236816e-01,1.206856220960617065e-02
5.739626658396446146e-07,9.999993443489074707e-01
9.999999403953552246e-01,9.194992545147329110e-10
9.910364151000976562e-01,8.963519707322120667e-03
9.992612600326538086e-01,7.388259400613605976e-04
1.464437097311019897e-01,8.535563349723815918e-01
9.998691082000732422e-01,1.308837090618908405e-04
5.351045131683349609e-01,4.648954570293426514e-01
9.952790737152099609e-01,4.720972385257482529e-03
9.999999403953552246e-01,1.089081269611824609e-08
4.636519861378474161e-06,9.999952912330627441e-01
7.378602623939514160e-01,2.621397972106933594e-01
4.419841617345809937e-02,9.558015465736389160e-01
9.807021021842956543e-01,1.929793134331703186e-02
2.972624788526445627e-04,9.997028112411499023e-01
1.691503399570137844e-07,9.999998211860656738e-01
9.456956982612609863e-01,5.430431291460990906e-02
9.893841743469238281e-01,1.061577722430229187e-02
9.668033123016357422e-01,3.319665417075157166e-02
1.234687352358321277e-10,9.999999403953552246e-01
9.999954104423522949e-01,4.478271421248791739e-06
9.999480843544006348e-01,5.190512092667631805e-05
9.998135566711425781e-01,1.864087389549240470e-04
5.881847739219665527e-01,4.118152558803558350e-01
9.999983906745910645e-01,1.560789087307057343e-06
9.999905228614807129e-01,9.391895218868739903e-06
1.738750142976641655e-03,9.982612729072570801e-01
2.122438978403806686e-03,9.978775382041931152e-01
9.980384707450866699e-01,1.961455214768648148e-03
9.999999403953552246e-01,2.235919782656026200e-12
9.413816928863525391e-01,5.861831828951835632e-02
2.144315512850880623e-04,9.997856616973876953e-01
9.999585747718811035e-01,4.138860822422429919e-05
7.573373913764953613e-01,2.426625490188598633e-01
9.999367594718933105e-01,6.318308442132547498e-05
7.192095369100570679e-02,9.280790090560913086e-01
9.836233948590233922e-05,9.999015927314758301e-01
2.980156565968172799e-08,9.999999403953552246e-01
9.999997019767761230e-01,2.051604468533696490e-07
9.114111308008432388e-04,9.990886449813842773e-01
1.646910328418016434e-03,9.983531236648559570e-01
9.997315406799316406e-01,2.684549544937908649e-04
3.653893619775772095e-02,9.634611010551452637e-01
4.572349553200183436e-06,9.999954104423522949e-01
9.046215564012527466e-02,9.095378518104553223e-01
1.609465479850769043e-01,8.390533924102783203e-01
6.763636600226163864e-03,9.932363629341125488e-01
9.127795696258544922e-01,8.722048997879028320e-02
9.620867371559143066e-01,3.791321441531181335e-02
4.398807417601346970e-03,9.956011176109313965e-01
1.632059551775455475e-02,9.836793541908264160e-01
5.337976813316345215e-01,4.662023484706878662e-01
9.997147321701049805e-01,2.852564502973109484e-04
3.814708325080573559e-04,9.996185898780822754e-01
9.999904036521911621e-01,9.579462130204774439e-06
1.622044444084167480e-01,8.377954959869384766e-01
3.525910506141372025e-05,9.999646544456481934e-01
9.998576641082763672e-01,1.422939240001142025e-04
5.073529202491044998e-03,9.949263930320739746e-01
9.999074339866638184e-01,9.248794958693906665e-05
1.168325915932655334e-02,9.883166551589965820e-01
5.601361596774268037e-10,9.999999403953552246e-01
9.996104836463928223e-01,3.895101253874599934e-04
9.999999403953552246e-01,1.928063708689364830e-09
2.647005021572113037e-03,9.973529577255249023e-01
1.550209126435220242e-03,9.984497427940368652e-01
9.727521538734436035e-01,2.724790014326572418e-02
3.200205508619546890e-03,9.967997670173645020e-01
9.038569331169128418e-01,9.614302217960357666e-02
8.010388016700744629e-01,1.989611834287643433e-01
1.976092718541622162e-02,9.802390933036804199e-01
3.862793107600737130e-08,9.999999403953552246e-01
9.863850660622119904e-03,9.901361465454101562e-01
3.576781891752034426e-04,9.996423721313476562e-01
9.999986290931701660e-01,1.258539896298316307e-06
9.999713301658630371e-01,2.856306491594295949e-05
3.073200059588998556e-04,9.996926784515380859e-01
9.993935823440551758e-01,6.063862820155918598e-04
9.999381899833679199e-01,6.169447442516684532e-05
9.900782108306884766e-01,9.921784512698650360e-03
9.659302830696105957e-01,3.406972065567970276e-02
2.085600420832633972e-02,9.791440367698669434e-01
3.351311761434772052e-06,9.999966025352478027e-01
9.650616049766540527e-01,3.493821620941162109e-02
9.998292922973632812e-01,1.706431939965113997e-04
9.999716877937316895e-01,2.819575820467434824e-05
4.494007589528337121e-05,9.999549984931945801e-01
9.982147216796875000e-01,1.785280066542327404e-03
9.997102022171020508e-01,2.897970261983573437e-04
9.955469965934753418e-01,4.452917259186506271e-03
9.998975396156311035e-01,1.024410084937699139e-04
3.944680094718933105e-03,9.960553646087646484e-01
9.945021271705627441e-01,5.497761536389589310e-03
9.959153532981872559e-01,4.084599670022726059e-03
4.656962119042873383e-03,9.953430294990539551e-01
1.048804260790348053e-02,9.895119667053222656e-01
7.091268897056579590e-01,2.908730804920196533e-01
4.193077795207500458e-03,9.958069920539855957e-01
5.807294975966215134e-03,9.941926002502441406e-01
8.232020139694213867e-01,1.767979711294174194e-01
9.302196502685546875e-01,6.978024542331695557e-02
9.999875426292419434e-01,1.243353199242847040e-05
1.645137518644332886e-01,8.354862928390502930e-01
2.372110611759126186e-04,9.997627735137939453e-01
9.998590946197509766e-01,1.408801326761022210e-04
9.999836087226867676e-01,1.634197724342811853e-05
9.993876814842224121e-01,6.123328348621726036e-04
3.994505703985851142e-08,9.999999403953552246e-01
9.737319350242614746e-01,2.626811899244785309e-02
9.999999403953552246e-01,1.277896788387522520e-09
9.994923472404479980e-01,5.075767985545098782e-04
4.648852348327636719e-01,5.351146459579467773e-01
9.991393089294433594e-01,8.607013151049613953e-04
9.231596440076828003e-02,9.076840877532958984e-01
9.997775554656982422e-01,2.224006602773442864e-04
2.423359639942646027e-02,9.757663607597351074e-01
9.983972907066345215e-01,1.602686243131756783e-03
9.999805092811584473e-01,1.942948074429295957e-05
8.082622289657592773e-01,1.917378157377243042e-01
9.977442026138305664e-01,2.255770610645413399e-03
9.999991059303283691e-01,8.211227395804598927e-07
7.282687164433809812e-08,9.999998211860656738e-01
6.583147804661848568e-09,9.999999403953552246e-01
9.979444146156311035e-01,2.055570948868989944e-03
1.854702681303024292e-01,8.145297169685363770e-01
9.999821782112121582e-01,1.773741496435832232e-05
1.788861304521560669e-02,9.821113944053649902e-01
9.880232632042407204e-09,9.999999403953552246e-01
1.959688030183315277e-02,9.804030656814575195e-01
8.855764865875244141e-01,1.144234761595726013e-01
8.694221377372741699e-01,1.305778771638870239e-01
1.350096426904201508e-04,9.998650550842285156e-01
9.999907612800598145e-01,9.124293683271389455e-06
9.999524950981140137e-01,4.747375714941881597e-05
9.703291654586791992e-01,2.967088297009468079e-02
9.469659328460693359e-01,5.303404852747917175e-02
1.567584229633212090e-03,9.984323978424072266e-01
1.169508881866931915e-02,9.883050322532653809e-01
1.481391955167055130e-02,9.851860404014587402e-01
7.734915018081665039e-01,2.265085428953170776e-01
8.522370457649230957e-01,1.477627605199813843e-01
9.641368389129638672e-01,3.586305305361747742e-02
2.692839205265045166e-01,7.307161092758178711e-01
1.678317222678538286e-15,9.999999403953552246e-01
8.996595144271850586e-01,1.003404855728149414e-01
6.638069152832031250e-01,3.361930847167968750e-01
2.009994022955652326e-05,9.999797940254211426e-01
9.986811876296997070e-01,1.318883383646607399e-03
9.999999403953552246e-01,2.501295348622534220e-08
9.736641645431518555e-01,2.633576840162277222e-02
2.440494654365465976e-06,9.999975562095642090e-01
9.802018404006958008e-01,1.979825086891651154e-02
1.300186812877655029e-01,8.699812889099121094e-01
9.959573745727539062e-01,4.042669665068387985e-03
9.894521236419677734e-01,1.054785121232271194e-02
3.255994233768433332e-04,9.996744394302368164e-01
9.999205470085144043e-01,7.941541116451844573e-05
5.957776447758078575e-04,9.994040727615356445e-01
7.647184929737704806e-08,9.999998211860656738e-01
4.219599780697080860e-09,9.999999403953552246e-01
2.224278599023818970e-01,7.775722146034240723e-01
7.493583211726217996e-07,9.999992251396179199e-01
9.968584775924682617e-01,3.141520312055945396e-03
9.999781250953674316e-01,2.180992123612668365e-05
9.999938607215881348e-01,6.117326392995892093e-06
3.704136935994029045e-03,9.962958693504333496e-01
9.388296604156494141e-01,6.117032840847969055e-02
7.727748751640319824e-01,2.272249907255172729e-01
3.098103804749507972e-12,9.999999403953552246e-01
2.627473883330821991e-02,9.737251996994018555e-01
9.379910826683044434e-01,6.200895458459854126e-02
9.991921782493591309e-01,8.078553946688771248e-04
1.217558747157454491e-03,9.987823963165283203e-01
4.851696721743792295e-04,9.995147585868835449e-01
8.580489456653594971e-02,9.141951203346252441e-01
3.930550441145896912e-02,9.606944918632507324e-01
9.692029953002929688e-01,3.079696744680404663e-02
9.316404714354575844e-08,9.999998211860656738e-01
6.551379710435867310e-02,9.344862103462219238e-01
1.655459891480859369e-05,9.999833703041076660e-01
4.256180301308631897e-02,9.574381113052368164e-01
9.997031688690185547e-01,2.968339831568300724e-04
9.999905228614807129e-01,9.411387509317137301e-06
1.046377141028642654e-02,9.895361065864562988e-01
8.687825202941894531e-01,1.312175542116165161e-01
3.125107696178019978e-06,9.999968409538269043e-01
1.131836092099547386e-03,9.988681077957153320e-01
9.999875426292419434e-01,1.238690038007916883e-05
9.999559521675109863e-01,4.404132050694897771e-05
9.902488589286804199e-01,9.751191362738609314e-03
9.969419240951538086e-01,3.058030502870678902e-03
9.732941165566444397e-03,9.902670383453369141e-01
1.541055553389014676e-06,9.999983906745910645e-01
7.541111856698989868e-02,9.245887994766235352e-01
9.974939823150634766e-01,2.505907556042075157e-03
6.621539592742919922e-02,9.337846040725708008e-01
9.918888807296752930e-01,8.111047558486461639e-03
9.997048377990722656e-01,2.951802161987870932e-04
9.620351195335388184e-01,3.796479105949401855e-02
5.400206446647644043e-01,4.599793851375579834e-01
9.998602867126464844e-01,1.396826846757903695e-04
9.999973177909851074e-01,2.576092811068519950e-06
1.805256215448025614e-05,9.999819397926330566e-01
9.999999403953552246e-01,6.220803427936516528e-09
3.127975959846263088e-12,9.999999403953552246e-01
4.335541647915164276e-11,9.999999403953552246e-01
9.945635199546813965e-01,5.436438135802745819e-03
1.169059942185413092e-06,9.999987483024597168e-01
9.976207613945007324e-01,2.379248617216944695e-03
9.986360669136047363e-01,1.363916206173598766e-03
9.894567131996154785e-01,1.054320856928825378e-02
8.812308311462402344e-01,1.187691465020179749e-01
2.226440119557082653e-04,9.997773170471191406e-01
2.592153123259777203e-06,9.999973177909851074e-01
9.999999403953552246e-01,1.292028373178766287e-09
9.995731711387634277e-01,4.268529301043599844e-04
7.766354363411664963e-03,9.922335743904113770e-01
3.556464910507202148e-01,6.443534493446350098e-01
2.671750262379646301e-03,9.973282217979431152e-01
2.904787659645080566e-02,9.709520339965820312e-01
9.999939799308776855e-01,6.010644028719980270e-06
2.337593514312175103e-07,9.999997019767761230e-01
7.216327786445617676e-01,2.783671915531158447e-01
9.931970238685607910e-01,6.802938412874937057e-03
9.999428391456604004e-01,5.709032848244532943e-05
6.316588311433557479e-12,9.999999403953552246e-01
8.584102988243103027e-01,1.415896415710449219e-01
2.352124939264399472e-09,9.999999403953552246e-01
9.985073804855346680e-01,1.492577139288187027e-03
9.954925775527954102e-01,4.507438745349645615e-03
9.999998211860656738e-01,1.071326138912809256e-07
3.774082986637949944e-03,9.962258934974670410e-01
9.806782603263854980e-01,1.932180859148502350e-02
1.139840460382401943e-04,9.998859763145446777e-01
8.592309355735778809e-01,1.407691091299057007e-01
1.432148814201354980e-01,8.567850589752197266e-01
2.802219532895833254e-04,9.997198581695556641e-01
4.585131257772445679e-02,9.541486501693725586e-01
5.032720416784286499e-02,9.496728181838989258e-01
9.998092651367187500e-01,1.907258701976388693e-04
9.285794496536254883e-01,7.142049819231033325e-02
9.995934367179870605e-01,4.066082183271646500e-04
6.220242357812821865e-04,9.993780255317687988e-01
9.076340124011039734e-03,9.909237027168273926e-01
9.999665617942810059e-01,3.335353540023788810e-05
1.147521734237670898e-01,8.852477669715881348e-01
6.419109646230936050e-03,9.935808777809143066e-01
3.619664162397384644e-02,9.638033509254455566e-01
9.156014471045637038e-07,9.999989867210388184e-01
9.978733658790588379e-01,2.126715378835797310e-03
9.999920725822448730e-01,7.875452865846455097e-06
5.094260908663272858e-03,9.949056506156921387e-01
4.166038036346435547e-01,5.833961367607116699e-01
9.814896583557128906e-01,1.851024664938449860e-02
9.999998211860656738e-01,7.575295768447176670e-08
8.414199352264404297e-01,1.585800945758819580e-01
6.842519044876098633e-01,3.157480955123901367e-01
9.999998211860656738e-01,1.510587424036202719e-07
5.402752161026000977e-01,4.597247540950775146e-01
9.999851584434509277e-01,1.482346033299108967e-05
7.219828963279724121e-01,2.780171036720275879e-01
7.190647721290588379e-01,2.809352278709411621e-01
5.049485713243484497e-02,9.495050311088562012e-01
4.380240352475084364e-05,9.999561905860900879e-01
1.087924829334951937e-06,9.999988675117492676e-01
4.838563874363899231e-02,9.516142606735229492e-01
1.600761024747043848e-04,9.998400211334228516e-01
5.016880854964256287e-02,9.498311281204223633e-01
6.152729988098144531e-01,3.847269117832183838e-01
9.981316924095153809e-01,1.868355553597211838e-03
8.645956404507160187e-05,9.999135136604309082e-01
5.217289552092552185e-03,9.947828054428100586e-01
8.017691783607006073e-03,9.919822812080383301e-01
9.784590005874633789e-01,2.154087275266647339e-02
2.507702447474002838e-06,9.999974370002746582e-01
9.999677538871765137e-01,3.216686309315264225e-05
1.906089368276298046e-03,9.980938434600830078e-01
9.902152419090270996e-01,9.784669615328311920e-03
9.919776916503906250e-01,8.022300899028778076e-03
8.188161849975585938e-01,1.811838448047637939e-01
9.172595143318176270e-01,8.274050801992416382e-02
9.996814727783203125e-01,3.185560635756701231e-04
2.980599944635287102e-08,9.999999403953552246e-01
9.120249152183532715e-01,8.797504007816314697e-02
9.961153268814086914e-01,3.884612815454602242e-03
8.338377483596559614e-06,9.999915957450866699e-01
1.392016274621710181e-04,9.998607635498046875e-01
9.999980330467224121e-01,1.933483872562646866e-06
9.897459149360656738e-01,1.025410834699869156e-02
8.249528408050537109e-01,1.750472038984298706e-01
4.379821158528862668e-13,9.999999403953552246e-01
2.573120780289173126e-02,9.742687940597534180e-01
9.999037384986877441e-01,9.623511868994683027e-05
9.885247945785522461e-01,1.147509552538394928e-02
2.910628914833068848e-01,7.089370489120483398e-01
1.067391640390269458e-04,9.998932480812072754e-01
7.459127664333209395e-05,9.999253153800964355e-01
9.999989867210388184e-01,9.702299621494603343e-07
9.961665272712707520e-01,3.833501599729061127e-03
3.248248100280761719e-01,6.751751899719238281e-01
9.920555949211120605e-01,7.944379933178424835e-03
9.998958706855773926e-01,1.040939459926448762e-04
9.997297525405883789e-01,2.702575002331286669e-04
9.888699650764465332e-01,1.113003399223089218e-02
9.999799132347106934e-01,2.000634776777587831e-05
1.411301549524068832e-03,9.985885620117187500e-01
9.297662377357482910e-01,7.023371011018753052e-02
5.127087831497192383e-01,4.872911870479583740e-01
7.754482794553041458e-03,9.922454357147216797e-01
5.529224276542663574e-01,4.470775425434112549e-01
2.760502684395760298e-04,9.997240304946899414e-01
5.876655923202633858e-04,9.994121789932250977e-01
3.865678012371063232e-01,6.134322881698608398e-01
3.071940154768526554e-04,9.996927976608276367e-01
9.999999403953552246e-01,7.421316339240036086e-11
9.462741613388061523e-01,5.372581630945205688e-02
9.999998211860656738e-01,6.118862216908382834e-08
9.864787459373474121e-01,1.352120470255613327e-02
9.544279810924649610e-10,9.999999403953552246e-01
9.958375096321105957e-01,4.162574652582406998e-03
3.095697164535522461e-01,6.904301643371582031e-01
9.953468441963195801e-01,4.653108771890401840e-03
2.656563520431518555e-01,7.343435883522033691e-01
1.464616798330098391e-05,9.999852776527404785e-01
9.989373087882995605e-01,1.062688999809324741e-03
6.132026389241218567e-02,9.386796951293945312e-01
3.146065864711999893e-05,9.999684691429138184e-01
8.431946635246276855e-01,1.568053960800170898e-01
7.587232508932117980e-10,9.999999403953552246e-01
1.534186452627182007e-01,8.465813398361206055e-01
9.952197670936584473e-01,4.780237562954425812e-03
1.070745020115282387e-05,9.999892115592956543e-01
6.556478693298117832e-10,9.999999403953552246e-01
9.836614727973937988e-01,1.633844152092933655e-02
5.717157023354957346e-07,9.999993443489074707e-01
9.999983906745910645e-01,1.565986622154014185e-06
9.343607425689697266e-01,6.563921272754669189e-02
3.047212213277816772e-02,9.695278406143188477e-01
5.036014318466186523e-01,4.963985383510589600e-01
9.758960604667663574e-01,2.410402335226535797e-02
9.999753832817077637e-01,2.460032737872097641e-05
9.999279379844665527e-01,7.200987602118402719e-05
9.977130293846130371e-01,2.286933828145265579e-03
9.998676776885986328e-01,1.323219330515712500e-04
1.040860661305487156e-03,9.989590644836425781e-01
8.124443702399730682e-03,9.918754696846008301e-01
9.601928591728210449e-01,3.980708494782447815e-02
8.091226336546242237e-04,9.991908669471740723e-01
4.443230672279696591e-09,9.999999403953552246e-01
8.185570240020751953e-01,1.814429312944412231e-01
9.700058698654174805e-01,2.999422885477542877e-02
5.723604559898376465e-01,4.276394844055175781e-01
9.999967217445373535e-01,3.210066552128409967e-06
1.402036673425754998e-07,9.999998211860656738e-01
9.500042349100112915e-02,9.049995541572570801e-01
8.225820027291774750e-03,9.917740225791931152e-01
9.849699139595031738e-01,1.503017265349626541e-02
5.469726324081420898e-01,4.530273675918579102e-01
2.179298317059874535e-03,9.978207945823669434e-01
1.097606400435324758e-05,9.999889731407165527e-01
9.999998211860656738e-01,7.982556127217321773e-08
3.911327719688415527e-01,6.088672876358032227e-01
9.999989867210388184e-01,8.979220638138940558e-07
3.822047710418701172e-01,6.177952289581298828e-01
9.994805455207824707e-01,5.193840479478240013e-04
5.370859056711196899e-03,9.946292042732238770e-01
5.562260746955871582e-01,4.437738955020904541e-01
2.756676167336991057e-07,9.999997019767761230e-01
2.010265737771987915e-01,7.989734411239624023e-01
9.999452233314514160e-01,5.471122494782321155e-05
3.935939821531064808e-05,9.999606013298034668e-01
9.792734980583190918e-01,2.072647586464881897e-02
9.668144583702087402e-01,3.318545967340469360e-02
9.921678304672241211e-01,7.832161150872707367e-03
9.990807771682739258e-01,9.191813878715038300e-04
2.206307370215654373e-03,9.977936744689941406e-01
6.385721462720539421e-08,9.999998211860656738e-01
9.375131726264953613e-01,6.248682737350463867e-02
2.737553732004016638e-04,9.997262954711914062e-01
6.210304498672485352e-01,3.789695501327514648e-01
3.328215711917437147e-07,9.999995827674865723e-01
2.394899129867553711e-01,7.605100274085998535e-01
1.015049856505356729e-04,9.998983740806579590e-01
9.778149127960205078e-01,2.218507602810859680e-02
9.832819104194641113e-01,1.671815104782581329e-02
5.621353047899901867e-04,9.994379281997680664e-01
1.624898165464401245e-01,8.375101685523986816e-01
1.990835070610046387e-01,8.009164333343505859e-01
9.987115263938903809e-01,1.288436935283243656e-03
3.606050449889153242e-05,9.999638199806213379e-01
9.292529225349426270e-01,7.074709236621856689e-02
9.999257922172546387e-01,7.411029218928888440e-05
9.764918684959411621e-01,2.350817434489727020e-02
9.999794363975524902e-01,2.051842966466210783e-05
2.879514126107096672e-03,9.971204400062561035e-01
2.999817338977806003e-10,9.999999403953552246e-01
9.971262812614440918e-01,2.873718040063977242e-03
9.969572536647319794e-03,9.900304079055786133e-01
9.999999403953552246e-01,4.320950264258272000e-09
9.999937415122985840e-01,6.171928816911531612e-06
1.871693180873990059e-03,9.981283545494079590e-01
9.999876618385314941e-01,1.228324072144459933e-05
1.032131724059581757e-02,9.896787405014038086e-01
3.621864132583141327e-03,9.963780641555786133e-01
6.723817437887191772e-03,9.932761788368225098e-01
3.970252146245911717e-05,9.999602437019348145e-01
9.527911061013583094e-06,9.999904036521911621e-01
4.179573953151702881e-01,5.820426344871520996e-01
5.421684384346008301e-01,4.578315615653991699e-01
1.515043899416923523e-02,9.848495721817016602e-01
6.289392709732055664e-02,9.371060729026794434e-01
9.999997019767761230e-01,2.714406264203717001e-07
9.997618198394775391e-01,2.380922524025663733e-04
9.999954104423522949e-01,4.536853793979389593e-06
5.054268836975097656e-01,4.945732057094573975e-01
4.132972436510229386e-11,9.999999403953552246e-01
1.063040178269147873e-02,9.893695712089538574e-01
9.558470249176025391e-01,4.415294155478477478e-02
3.372574865352362394e-04,9.996627569198608398e-01
1.152855480350545303e-12,9.999999403953552246e-01
9.999962449073791504e-01,3.713569185492815450e-06
9.999784827232360840e-01,2.144731843145564198e-05
3.129510208964347839e-03,9.968703985214233398e-01
9.497612714767456055e-01,5.023873969912528992e-02
9.914572834968566895e-01,8.542698808014392853e-03
9.595783352851867676e-01,4.042168334126472473e-02
2.276031523251731414e-07,9.999997019767761230e-01
1.815871149301528931e-02,9.818412065505981445e-01
9.987857341766357422e-01,1.214331598021090031e-03
9.999985098838806152e-01,1.410908453181036748e-06
6.587821245193481445e-01,3.412178158760070801e-01
2.696966566145420074e-02,9.730302691459655762e-01
9.999735951423645020e-01,2.634542761370539665e-05
9.393516927957534790e-02,9.060648083686828613e-01
3.007698251167312264e-05,9.999698996543884277e-01
2.613628208637237549e-01,7.386371493339538574e-01
7.413726521576791129e-09,9.999999403953552246e-01
1.299178749322891235e-01,8.700820803642272949e-01
8.850523154251277447e-04,9.991148710250854492e-01
9.999769330024719238e-01,2.303417022631037980e-05
9.981657266616821289e-01,1.834245049394667149e-03
3.505864646285772324e-03,9.964940547943115234e-01
9.268646240234375000e-01,7.313533127307891846e-02
3.963624095604245667e-08,9.999999403953552246e-01
5.532090067863464355e-01,4.467909932136535645e-01
9.999983906745910645e-01,1.536570835014572367e-06
9.855486750602722168e-01,1.445132959634065628e-02
9.594338536262512207e-01,4.056611657142639160e-02
6.280713132582604885e-04,9.993719458580017090e-01
9.929662942886352539e-01,7.033751811832189560e-03
9.999999403953552246e-01,3.406743109835019823e-09
5.801043510437011719e-01,4.198957085609436035e-01
1.349788334437107551e-07,9.999998211860656738e-01
9.399395585060119629e-01,6.006045266985893250e-02
9.998533725738525391e-01,1.467368419980630279e-04
4.818072696366471064e-08,9.999999403953552246e-01
3.639332817328977399e-06,9.999962449073791504e-01
4.060687124729156494e-02,9.593930244445800781e-01
9.988439679145812988e-01,1.156110083684325218e-03
9.999585747718811035e-01,4.131600508117116988e-05
9.991782307624816895e-01,8.217968861572444439e-04
4.491898119449615479e-01,5.508102178573608398e-01
9.899675846099853516e-01,1.003238279372453690e-02
1.666247590037528425e-05,9.999832510948181152e-01
1.741151660680770874e-01,8.258848190307617188e-01
6.293653132161125541e-05,9.999369978904724121e-01
2.571844379417598248e-05,9.999741911888122559e-01
9.999999403953552246e-01,6.045505207552537286e-10
9.999840855598449707e-01,1.585712016094475985e-05
1.476391106843948364e-01,8.523607850074768066e-01
9.999999403953552246e-01,8.317609296627781479e-13
1.018464448861777782e-03,9.989814758300781250e-01
9.627243503928184509e-03,9.903726577758789062e-01
9.999918341636657715e-01,8.119418453134130687e-06
9.899801015853881836e-01,1.001984532922506332e-02
9.382534027099609375e-02,9.061745405197143555e-01
9.999954104423522949e-01,4.547271146293496713e-06
1.081024834093113896e-07,9.999998211860656738e-01
8.051500799410860054e-09,9.999999403953552246e-01
1.092150536674552086e-10,9.999999403953552246e-01
9.993168711662292480e-01,6.830745260231196880e-04
1.508176410425221547e-06,9.999983906745910645e-01
8.242344856262207031e-01,1.757655143737792969e-01
9.996545314788818359e-01,3.454464604146778584e-04
9.815062880516052246e-01,1.849362254142761230e-02
9.306277526377471077e-09,9.999999403953552246e-01
1.301482122073593928e-08,9.999999403953552246e-01
2.606246247887611389e-02,9.739375114440917969e-01
9.999901652336120605e-01,9.819863407756201923e-06
1.475782841444015503e-01,8.524216413497924805e-01
9.999999403953552246e-01,2.154701483902954351e-08
9.998490810394287109e-01,1.508608547737821937e-04
9.999962449073791504e-01,3.693127155202091672e-06
3.073097332162433304e-06,9.999968409538269043e-01
7.366852895936137902e-14,9.999999403953552246e-01
9.999741911888122559e-01,2.576806036813650280e-05
9.926397204399108887e-01,7.360270246863365173e-03
7.526772469282150269e-02,9.247322678565979004e-01
7.548052072525024414e-01,2.451947480440139771e-01
4.940850734710693359e-01,5.059148669242858887e-01
2.970847567951295787e-09,9.999999403953552246e-01
5.597751078312285244e-05,9.999439120292663574e-01
1.228492939844727516e-03,9.987715482711791992e-01
9.999641776084899902e-01,3.573004141799174249e-05
8.029638230800628662e-02,9.197035431861877441e-01
5.191681906580924988e-02,9.480832219123840332e-01
7.761435210704803467e-02,9.223856925964355469e-01
9.994326829910278320e-01,5.672315601259469986e-04
9.415263533592224121e-01,5.847371742129325867e-02
9.999939799308776855e-01,6.003077032801229507e-06
6.237195730209350586e-01,3.762804567813873291e-01
5.240716338157653809e-01,4.759284257888793945e-01
8.106671571731567383e-01,1.893327832221984863e-01
9.999468922615051270e-01,5.310292544891126454e-05
9.426687955856323242e-01,5.733114480972290039e-02
9.999791979789733887e-01,2.070879600069019943e-05
9.483823180198669434e-01,5.161762982606887817e-02
9.999668002128601074e-01,3.318250310258008540e-05
2.334826713195070624e-04,9.997665882110595703e-01
1.694200818747049198e-06,9.999982714653015137e-01
9.981361627578735352e-01,1.863797311671078205e-03
9.999950528144836426e-01,4.925598659610841423e-06
1.014115259749814868e-04,9.998984932899475098e-01
1.314699533395469189e-03,9.986852407455444336e-01
9.778498224477516487e-07,9.999989867210388184e-01
2.606237540021538734e-03,9.973937273025512695e-01
9.869620203971862793e-01,1.303787901997566223e-02
4.817176163196563721e-01,5.182822942733764648e-01
9.999836087226867676e-01,1.630163023946806788e-05
9.999998211860656738e-01,9.874660378272892558e-08
9.999915957450866699e-01,8.331414392159786075e-06
1.815136201912537217e-04,9.998185634613037109e-01
2.796192653477191925e-02,9.720380306243896484e-01
3.619125857949256897e-02,9.638087153434753418e-01
8.919662833213806152e-01,1.080336347222328186e-01
8.536727428436279297e-01,1.463272273540496826e-01
9.760743975639343262e-01,2.392555959522724152e-02
1.481269598007202148e-01,8.518729805946350098e-01
9.999918341636657715e-01,8.134477866406086832e-06
1.733986288309097290e-02,9.826601147651672363e-01
9.908556342124938965e-01,9.144312702119350433e-03
9.732677340507507324e-01,2.673220448195934296e-02
5.264075589366257191e-04,9.994735121726989746e-01
2.687237277143594838e-08,9.999999403953552246e-01
9.960381388664245605e-01,3.961801528930664062e-03
1.468292154527262028e-11,9.999999403953552246e-01
2.678199439998252274e-09,9.999999403953552246e-01
9.937270283699035645e-01,6.272873841226100922e-03
9.995351433753967285e-01,4.648019385058432817e-04
6.744723916053771973e-01,3.255275487899780273e-01
9.997732639312744141e-01,2.266654773848131299e-04
9.999890923500061035e-01,1.079100638889940456e-05
7.137997150421142578e-01,2.862002253532409668e-01
9.986107945442199707e-01,1.389138284139335155e-03
9.042115211486816406e-01,9.578849375247955322e-02
8.214533329010009766e-01,1.785465776920318604e-01
1.399358967319130898e-03,9.986006021499633789e-01
9.995703101158142090e-01,4.296792321838438511e-04
9.993357062339782715e-01,6.642788648605346680e-04
9.999936223030090332e-01,6.316429335129214451e-06
8.754597511142492294e-04,9.991245269775390625e-01
1.025535049848258495e-03,9.989743232727050781e-01
9.117850661277770996e-01,8.821488916873931885e-02
8.560566306114196777e-01,1.439433395862579346e-01
1.307715228904271498e-05,9.999868273735046387e-01
1.285549178220435351e-08,9.999999403953552246e-01
4.073215677635744214e-06,9.999958872795104980e-01
9.814251065254211426e-01,1.857485435903072357e-02
4.358271658420562744e-01,5.641728639602661133e-01
9.999998211860656738e-01,1.496846380177885294e-07
1.208009603459458958e-08,9.999999403953552246e-01
9.978733658790588379e-01,2.126572420820593834e-03
1.902110966511827428e-07,9.999997019767761230e-01
3.993115096818655729e-04,9.996007084846496582e-01
3.985009680036455393e-04,9.996015429496765137e-01
1.161713316832901910e-05,9.999883770942687988e-01
9.093793034553527832e-01,9.062059223651885986e-02
1.380922549287788570e-05,9.999861121177673340e-01
7.438815082423388958e-04,9.992561340332031250e-01
1.857611350715160370e-04,9.998142719268798828e-01
9.999939799308776855e-01,5.962629074929282069e-06
9.937653541564941406e-01,6.234605330973863602e-03
9.999591708183288574e-01,4.078361962456256151e-05
7.321577668190002441e-01,2.678422331809997559e-01
9.999998211860656738e-01,1.360382668735837797e-07
9.653536677360534668e-01,3.464645519852638245e-02
7.973998039960861206e-02,9.202600121498107910e-01
9.999383091926574707e-01,6.165377271827310324e-05
9.645275473594665527e-01,3.547245264053344727e-02
2.586852945387363434e-02,9.741314053535461426e-01
9.967994093894958496e-01,3.200546139851212502e-03
9.999096989631652832e-01,9.024062455864623189e-05
1.324180266237817705e-05,9.999867081642150879e-01
9.999771714210510254e-01,2.278701867908239365e-05
7.249090671539306641e-01,2.750909328460693359e-01
1.395518481731414795e-01,8.604481816291809082e-01
9.996775388717651367e-01,3.224411047995090485e-04
9.999647736549377441e-01,3.513049523462541401e-05
1.797002106904983521e-01,8.202998042106628418e-01
3.594025911297649145e-04,9.996405839920043945e-01
9.999998211860656738e-01,1.592842266973093501e-07
1.512747704879302546e-10,9.999999403953552246e-01
9.991521239280700684e-01,8.478355011902749538e-04
6.206323632795829326e-08,9.999998211860656738e-01
5.990613698959350586e-01,4.009385108947753906e-01
3.347424557432532310e-03,9.966524243354797363e-01
9.875697493553161621e-01,1.243026927113533020e-02
9.999814629554748535e-01,1.842072379076853395e-05
5.148518681526184082e-01,4.851481914520263672e-01
9.999230504035949707e-01,7.684374577365815639e-05
9.694849848747253418e-01,3.051492571830749512e-02
4.729619026184082031e-01,5.270380973815917969e-01
1.441205199625983369e-06,9.999985098838806152e-01
2.332823276519775391e-01,7.667177319526672363e-01
9.902168512344360352e-01,9.783066809177398682e-03
9.897664189338684082e-01,1.023358479142189026e-02
8.983095288276672363e-01,1.016905531287193298e-01
8.339978456497192383e-01,1.660021394491195679e-01
9.876086115837097168e-01,1.239142194390296936e-02
9.996788501739501953e-01,3.212202864233404398e-04
2.425827784463763237e-03,9.975740909576416016e-01
9.007970094680786133e-01,9.920298308134078979e-02
1.778487757064795005e-08,9.999999403953552246e-01
9.989800453186035156e-01,1.019958057440817356e-03
5.600504279136657715e-01,4.399495720863342285e-01
1.407910697162151337e-02,9.859209060668945312e-01
6.886789342388510704e-04,9.993112683296203613e-01
3.326451961105370003e-11,9.999999403953552246e-01
2.918505401794391219e-07,9.999997019767761230e-01
9.997048377990722656e-01,2.952534414362162352e-04
9.987329840660095215e-01,1.267075538635253906e-03
4.501773975789546967e-03,9.954982399940490723e-01
3.256580233573913574e-01,6.743419766426086426e-01
8.719182014465332031e-01,1.280817091464996338e-01
9.998166561126708984e-01,1.834017457440495491e-04
9.999575018882751465e-01,4.242736031301319599e-05
1.438852697610855103e-01,8.561145663261413574e-01
4.768557573697762564e-06,9.999951720237731934e-01
1.190306036733090878e-03,9.988096356391906738e-01
9.554575681686401367e-01,4.454257339239120483e-02
9.629344344139099121e-01,3.706561401486396790e-02
3.376071806997060776e-03,9.966239333152770996e-01
6.336891651153564453e-01,3.663107156753540039e-01
2.769884765148162842e-01,7.230114936828613281e-01
5.319152474403381348e-01,4.680847227573394775e-01
1.242941743839764968e-05,9.999875426292419434e-01
5.088981986045837402e-02,9.491102099418640137e-01
2.975612413138151169e-03,9.970243573188781738e-01
9.817494750022888184e-01,1.825061440467834473e-02
9.744877815246582031e-01,2.551221661269664764e-02
9.999997019767761230e-01,2.846301754289015662e-07
8.053179830312728882e-03,9.919468164443969727e-01
9.999403357505798340e-01,5.965986565570347011e-05
9.998559951782226562e-01,1.440969645045697689e-04
9.999671578407287598e-01,3.279176962678320706e-05
9.999929070472717285e-01,7.009584351180819795e-06
9.283344447612762451e-02,9.071665406227111816e-01
9.925944209098815918e-01,7.405523210763931274e-03
1.113786082714796066e-02,9.888619780540466309e-01
5.650194883346557617e-01,4.349805712699890137e-01
3.444417393060045631e-16,9.999999403953552246e-01
7.788880169391632080e-02,9.221111536026000977e-01
7.282652258872985840e-01,2.717346847057342529e-01
9.993279576301574707e-01,6.720123346894979477e-04
4.246992375556146726e-06,9.999956488609313965e-01
9.997930526733398438e-01,2.068464527837932110e-04
2.582754405011655763e-06,9.999973177909851074e-01
9.766623377799987793e-01,2.333762682974338531e-02
9.995477795600891113e-01,4.522091476246714592e-04
6.904874680913053453e-06,9.999930262565612793e-01
4.455276429653167725e-01,5.544724464416503906e-01
4.798116162419319153e-02,9.520187973976135254e-01
9.999635815620422363e-01,3.637432382674887776e-05
9.964995384216308594e-01,3.500481834635138512e-03
9.999764561653137207e-01,2.343660162296146154e-05
4.572930335998535156e-01,5.427069664001464844e-01
9.916265606880187988e-01,8.373457938432693481e-03
9.972363710403442383e-01,2.763645257800817490e-03
9.586681699147447944e-05,9.999040961265563965e-01
6.671265512704849243e-02,9.332873821258544922e-01
9.837442666027484961e-11,9.999999403953552246e-01
1.016583759337663651e-02,9.898341298103332520e-01
9.999813437461853027e-01,1.856452581705525517e-05
4.727569375972962007e-07,9.999994635581970215e-01
1.242619380354881287e-01,8.757380843162536621e-01
5.442929267883300781e-01,4.557071626186370850e-01
7.917706966400146484e-01,2.082292884588241577e-01
9.999929070472717285e-01,7.064076271490193903e-06
8.557505607604980469e-01,1.442493796348571777e-01
9.996755123138427734e-01,3.245079424232244492e-04
1.543018370866775513e-01,8.456981778144836426e-01
9.999929070472717285e-01,7.054597062960965559e-06
4.033855020679766312e-06,9.999958872795104980e-01
9.925928711891174316e-01,7.407051045447587967e-03
9.838464856147766113e-01,1.615351811051368713e-02
5.242881597951054573e-04,9.994756579399108887e-01
7.391228079795837402e-01,2.608771622180938721e-01
6.304988265037536621e-02,9.369500279426574707e-01
9.899921417236328125e-01,1.000779960304498672e-02
3.058726666495203972e-03,9.969412088394165039e-01
8.735991716384887695e-01,1.264007389545440674e-01
9.999998211860656738e-01,1.764611141652494553e-07
9.999502301216125488e-01,4.972700844518840313e-05
3.369105252204462886e-05,9.999662041664123535e-01
9.965912103652954102e-01,3.408752614632248878e-03
3.902677893638610840e-01,6.097322106361389160e-01
1.082871016114950180e-02,9.891713261604309082e-01
9.999998211860656738e-01,7.022927661637368146e-08
5.359706878662109375e-01,4.640291929244995117e-01
7.755225896835327148e-01,2.244773209095001221e-01
3.379716724157333374e-02,9.662028551101684570e-01
9.999951720237731934e-01,4.767057362187188119e-06
9.118973016738891602e-01,8.810268342494964600e-02
5.783175826072692871e-01,4.216823279857635498e-01
9.503032565116882324e-01,4.969659447669982910e-02
1.878192182630300522e-03,9.981217980384826660e-01
9.008354544639587402e-01,9.916455298662185669e-02
2.188509388361126184e-04,9.997811317443847656e-01
9.975427389144897461e-01,2.457193331792950630e-03
8.624060683359857649e-06,9.999913573265075684e-01
9.996163249015808105e-01,3.837067633867263794e-04
9.260451421141624451e-03,9.907395839691162109e-01
6.862921118736267090e-01,3.137077987194061279e-01
9.398442506790161133e-01,6.015579029917716980e-02
9.999992251396179199e-01,6.884038157295435667e-07
4.907978232949972153e-03,9.950919747352600098e-01
8.298167586326599121e-01,1.701832115650177002e-01
9.266213774681091309e-01,7.337859272956848145e-02
6.228531002998352051e-01,3.771469295024871826e-01
9.999914765357971191e-01,8.509845429216511548e-06
7.854571342468261719e-01,2.145429104566574097e-01
5.173618755627273913e-10,9.999999403953552246e-01
2.851734097930602729e-05,9.999714493751525879e-01
9.976640343666076660e-01,2.335976110771298409e-03
2.802090533077716827e-02,9.719790220260620117e-01
4.137863925279816613e-06,9.999957680702209473e-01
9.999980330467224121e-01,1.934088686539325863e-06
9.963923096656799316e-01,3.607681952416896820e-03
1.235229918350455591e-09,9.999999403953552246e-01
3.868252679239958525e-05,9.999611973762512207e-01
9.496084451675415039e-01,5.039160326123237610e-02
9.999982714653015137e-01,1.615726887393975630e-06
4.788261372596025467e-03,9.952117204666137695e-01
2.902690321207046509e-04,9.997097253799438477e-01
9.998512268066406250e-01,1.487456902395933867e-04
9.999994635581970215e-01,4.427337501056172187e-07
5.074556053141776601e-11,9.999999403953552246e-01
7.927776273994324718e-13,9.999999403953552246e-01
9.999220967292785645e-01,7.784608169458806515e-05
9.291747808456420898e-01,7.082518935203552246e-02
9.999999403953552246e-01,2.088962069990429882e-08
9.999602437019348145e-01,3.964221468777395785e-05
8.241978287696838379e-01,1.758021116256713867e-01
5.409403238445520401e-03,9.945905804634094238e-01
5.546315851034933075e-09,9.999999403953552246e-01
6.791673898696899414e-01,3.208325803279876709e-01
2.008907322306185961e-04,9.997990131378173828e-01
2.281264215707778931e-01,7.718735933303833008e-01
2.733230032026767731e-02,9.726676344871520996e-01
9.998833537101745605e-01,1.165852372650988400e-04
2.800355141516774893e-04,9.997199773788452148e-01
8.999822735786437988e-01,1.000176742672920227e-01
9.999999403953552246e-01,1.246633463125590424e-09
9.999991059303283691e-01,8.867402812029467896e-07
2.057130715771293694e-10,9.999999403953552246e-01
9.997389316558837891e-01,2.611701784189790487e-04
9.922467470169067383e-01,7.753217592835426331e-03
9.993444085121154785e-01,6.556151201948523521e-04
8.044423460960388184e-01,1.955575495958328247e-01
3.063261695206165314e-02,9.693674445152282715e-01
9.746536612510681152e-01,2.534633316099643707e-02
5.556281805038452148e-01,4.443718194961547852e-01
9.867199659347534180e-01,1.327996514737606049e-02
2.606784738600254059e-02,9.739320278167724609e-01
9.983526468276977539e-01,1.647221273742616177e-03
8.042903937166556716e-05,9.999194741249084473e-01
9.937018156051635742e-01,6.298163440078496933e-03
9.999725222587585449e-01,2.738850707828532904e-05
9.481908082962036133e-01,5.180910602211952209e-02
9.999991059303283691e-01,8.582246664445847273e-07
5.489745547038182849e-09,9.999999403953552246e-01
8.888691067695617676e-01,1.111309155821800232e-01
6.099820166127756238e-05,9.999389052391052246e-01
5.528393983840942383e-01,4.471605718135833740e-01
1.800914617433591047e-08,9.999999403953552246e-01
9.987236857414245605e-01,1.276241731829941273e-03
9.935365915298461914e-01,6.463358178734779358e-03
9.992971420288085938e-01,7.028536056168377399e-04
9.999852776527404785e-01,1.468597383791347966e-05
1.952218264341354370e-02,9.804778099060058594e-01
7.832203507423400879e-01,2.167796194553375244e-01
7.963629905134439468e-04,9.992036223411560059e-01
9.977897405624389648e-01,2.210212405771017075e-03
9.999999403953552246e-01,1.452244713373573859e-10
9.999999403953552246e-01,5.587665796724650136e-08
1.629414707422256470e-01,8.370584845542907715e-01
9.999999403953552246e-01,1.115775472015911873e-09
3.770132389036007226e-05,9.999622702598571777e-01
9.929852485656738281e-01,7.014840841293334961e-03
5.513215810060501099e-02,9.448679089546203613e-01
9.999954104423522949e-01,4.555149189400253817e-06
2.163468870719498227e-08,9.999999403953552246e-01
7.704976946115493774e-02,9.229502081871032715e-01
5.321587920188903809e-01,4.678412973880767822e-01
9.999999403953552246e-01,1.527891768660083471e-08
9.226337075233459473e-01,7.736624032258987427e-02
8.818290829658508301e-01,1.181709244847297668e-01
7.891539866022867500e-09,9.999999403953552246e-01
9.977887272834777832e-01,2.211328828707337379e-03
9.998871684074401855e-01,1.127372670453041792e-04
5.268396489555016160e-05,9.999472498893737793e-01
4.328825175762176514e-01,5.671174526214599609e-01
9.997552633285522461e-01,2.447587030474096537e-04
9.999999403953552246e-01,4.092111538511744584e-08
1.059370674738602247e-06,9.999988675117492676e-01
2.189064844060339965e-06,9.999977946281433105e-01
9.988840818405151367e-01,1.115879276767373085e-03
7.543997764587402344e-01,2.456002086400985718e-01
9.932526946067810059e-01,6.747248116880655289e-03
8.775258660316467285e-01,1.224740445613861084e-01
9.179025888442993164e-02,9.082098007202148438e-01
9.998569488525390625e-01,1.431940618203952909e-04
9.997680187225341797e-01,2.319843915756791830e-04
2.158400863409042358e-01,7.841599583625793457e-01
9.973558187484741211e-01,2.644146559759974480e-03
9.599743485450744629e-01,4.002568870782852173e-02
7.692013382911682129e-01,2.307987213134765625e-01
8.100807666778564453e-01,1.899191439151763916e-01
9.999857544898986816e-01,1.413046993548050523e-05
9.743278846144676208e-03,9.902566671371459961e-01
6.256245542317628860e-04,9.993744492530822754e-01
4.696408752351999283e-03,9.953036904335021973e-01
3.530464309733361006e-04,9.996469020843505859e-01
9.091050028800964355e-01,9.089506417512893677e-02
9.999884963035583496e-01,1.141398206527810544e-05
9.955042004585266113e-01,4.495837260037660599e-03
1.312795467674732208e-02,9.868720769882202148e-01
4.919889761367812753e-06,9.999950528144836426e-01
7.300010323524475098e-01,2.699989080429077148e-01
1.264261780306696892e-03,9.987357258796691895e-01
2.195776760345324874e-04,9.997804164886474609e-01
3.570884838700294495e-02,9.642911553382873535e-01
9.999981522560119629e-01,1.743605025694705546e-06
2.231996692717075348e-02,9.776800274848937988e-01
9.999999403953552246e-01,1.036105246043916850e-08
1.011238623505050782e-06,9.999989867210388184e-01
4.029741883277893066e-01,5.970258116722106934e-01
2.184567973017692566e-03,9.978153705596923828e-01
4.639491438865661621e-03,9.953604936599731445e-01
2.349243857224792009e-07,9.999997019767761230e-01
9.850958585739135742e-01,1.490413025021553040e-02
9.995264410972595215e-01,4.735057300422340631e-04
3.782771993428468704e-03,9.962171912193298340e-01
8.883669799786275689e-09,9.999999403953552246e-01
5.440590381622314453e-01,4.559410214424133301e-01
7.542406819993630052e-05,9.999244809150695801e-01
9.999825358390808105e-01,1.740342486300505698e-05
9.982905387878417969e-01,1.709564239718019962e-03
9.999997019767761230e-01,2.737397153396159410e-07
5.883459746837615967e-02,9.411652684211730957e-01
9.990864992141723633e-01,9.135394357144832611e-04
9.999545216560363770e-01,4.539146175375208259e-05
4.318425908422796056e-06,9.999956488609313965e-01
9.938035011291503906e-01,6.196453701704740524e-03
9.991086721420288086e-01,8.912187768146395683e-04
6.333158165216445923e-02,9.366682767868041992e-01
9.890075922012329102e-01,1.099245809018611908e-02
9.985615015029907227e-01,1.438452396541833878e-03
9.989433884620666504e-01,1.056674867868423462e-03
7.350411124207312241e-08,9.999998211860656738e-01
2.371726743876934052e-02,9.762827157974243164e-01
3.828302025794982910e-03,9.961715936660766602e-01
9.962536692619323730e-01,3.746312111616134644e-03
1.575543819853919558e-06,9.999983906745910645e-01
2.783255875110626221e-01,7.216743826866149902e-01
3.310265810796408914e-06,9.999966025352478027e-01
9.999963641166687012e-01,3.594732106648734771e-06
9.999466538429260254e-01,5.326948303263634443e-05
1.279062684625387192e-02,9.872093200683593750e-01
2.592124865447020809e-12,9.999999403953552246e-01
8.665038347244262695e-01,1.334961503744125366e-01
3.000611672177910805e-03,9.969993233680725098e-01
4.592275217873975635e-07,9.999994635581970215e-01
6.891008000820875168e-03,9.931089282035827637e-01
1.033073210310320178e-10,9.999999403953552246e-01
8.781815767288208008e-01,1.218184977769851685e-01
9.899417757987976074e-01,1.005823537707328796e-02
8.606961965560913086e-01,1.393037885427474976e-01
9.008380174636840820e-01,9.916201978921890259e-02
9.999882578849792480e-01,1.172963675344362855e-05
1.099092885851860046e-03,9.989010095596313477e-01
4.119010642170906067e-03,9.958809614181518555e-01
9.999330639839172363e-01,6.685497646685689688e-05
9.999936223030090332e-01,6.373581527441274375e-06
4.478557407855987549e-02,9.552143812179565430e-01
7.556145787239074707e-01,2.443854510784149170e-01
1.245801057666540146e-02,9.875419735908508301e-01
8.107775449752807617e-01,1.892223805189132690e-01
5.993297696113586426e-01,4.006702303886413574e-01
1.338136289268732071e-02,9.866186976432800293e-01
3.719374944921582937e-04,9.996281266212463379e-01
9.997894763946533203e-01,2.106389147229492664e-04
9.999895691871643066e-01,1.036918547470122576e-05
1.218997725162132909e-14,9.999999403953552246e-01
9.139738082885742188e-01,8.602613210678100586e-02
9.994047880172729492e-01,5.950580816715955734e-04
9.072722494602203369e-02,9.092727899551391602e-01
1.378051354549825191e-03,9.986218810081481934e-01
9.999688267707824707e-01,3.117050800938159227e-05
7.711073160171508789e-01,2.288926839828491211e-01
1.076830625534057617e-01,8.923168778419494629e-01
1.956370397238060832e-04,9.998044967651367188e-01
9.999999403953552246e-01,5.573836059369341456e-09
9.995442032814025879e-01,4.557464271783828735e-04
9.986241459846496582e-01,1.375809079036116600e-03
1.277897681575268507e-04,9.998722076416015625e-01
5.935364216566085815e-02,9.406464099884033203e-01
9.992759227752685547e-01,7.240117993205785751e-04
9.618166685104370117e-01,3.818337246775627136e-02
5.350348353385925293e-01,4.649652838706970215e-01
1.832914352416992188e-02,9.816707968711853027e-01
3.462364524602890015e-02,9.653763175010681152e-01
9.217310547828674316e-01,7.826888561248779297e-02
9.999735951423645020e-01,2.636528370203450322e-05
9.092449545860290527e-01,9.075504541397094727e-02
9.915167689323425293e-01,8.483339101076126099e-03
6.856034398078918457e-01,3.143965303897857666e-01
9.999987483024597168e-01,1.221835418618866242e-06
9.262413382530212402e-01,7.375876605510711670e-02
5.098667740821838379e-01,4.901331663131713867e-01
3.776486846618354321e-05,9.999621510505676270e-01
9.999917149543762207e-01,8.266012628155294806e-06
3.826213628053665161e-02,9.617378115653991699e-01
2.526080606912728399e-05,9.999746680259704590e-01
1.042749383486807346e-03,9.989571571350097656e-01
7.949151396751403809e-01,2.050849199295043945e-01
3.844568273052573204e-04,9.996156096458435059e-01
8.074501238297671080e-06,9.999918341636657715e-01
9.997518062591552734e-01,2.482454874552786350e-04
7.252063951455056667e-04,9.992747306823730469e-01
9.350077509880065918e-01,6.499227136373519897e-02
9.833076000213623047e-01,1.669234782457351685e-02
1.527220942080020905e-02,9.847276806831359863e-01
7.269964814186096191e-01,2.730034589767456055e-01
1.851675006037112325e-05,9.999814629554748535e-01
4.614257864687942856e-09,9.999999403953552246e-01
5.786435008049011230e-01,4.213564693927764893e-01
9.999299645423889160e-01,6.999501056270673871e-05
9.684441089630126953e-01,3.155581280589103699e-02
8.602163791656494141e-01,1.397835463285446167e-01
9.999067187309265137e-01,9.322217374574393034e-05
9.919373393058776855e-01,8.062670007348060608e-03
1.382941938936710358e-02,9.861705899238586426e-01
7.390434006993018556e-07,9.999992251396179199e-01
1.434158954788378182e-11,9.999999403953552246e-01
7.298676967620849609e-01,2.701323330402374268e-01
1.867468655109405518e-02,9.813252687454223633e-01
9.821298718452453613e-01,1.787010952830314636e-02
9.290972948074340820e-01,7.090279459953308105e-02
9.997684955596923828e-01,2.315398014616221189e-04
9.864696860313415527e-01,1.353027019649744034e-02
2.339411079883575439e-01,7.660589814186096191e-01
9.997389316558837891e-01,2.611684612929821014e-04
9.999998211860656738e-01,1.098603661375818774e-07
1.399331390857696533e-01,8.600668311119079590e-01
9.999999403953552246e-01,1.200012034185959919e-10
9.974043369293212891e-01,2.595527563244104385e-03
9.999358057975769043e-01,6.418328121071681380e-05
9.952951073646545410e-01,4.704894963651895523e-03
9.998464584350585938e-01,1.536393101559951901e-04
1.343180388212203979e-01,8.656820058822631836e-01
9.993059635162353516e-01,6.941116880625486374e-04
6.503750919364392757e-04,9.993496537208557129e-01
9.999122023582458496e-01,8.770850399741902947e-05
9.666600264608860016e-03,9.903333783149719238e-01
1.508360765001270920e-05,9.999848008155822754e-01
9.999689459800720215e-01,3.096689761150628328e-05
9.759775400161743164e-01,2.402259781956672668e-02
9.998672008514404297e-01,1.327856734860688448e-04
1.942664821399375796e-04,9.998056888580322266e-01
4.363304376602172852e-02,9.563670158386230469e-01
9.952616691589355469e-01,4.738356452435255051e-03
9.996208548545837402e-01,3.792166535276919603e-04
2.700252532958984375e-01,7.299748063087463379e-01
4.288682612241245806e-05,9.999570250511169434e-01
1.225610226392745972e-01,8.774389624595642090e-01
9.998226165771484375e-01,1.773811236489564180e-04
2.279897489643190056e-05,9.999771714210510254e-01
6.573773026466369629e-01,3.426226973533630371e-01
9.999998211860656738e-01,6.899622206901767640e-08
1.971679303096607327e-04,9.998028278350830078e-01
2.029646486043930054e-01,7.970352768898010254e-01
4.471583962440490723e-01,5.528415441513061523e-01
1.576613634824752808e-03,9.984233379364013672e-01
8.714753985404968262e-01,1.285245120525360107e-01
9.972236156463623047e-01,2.776369219645857811e-03
4.120699167251586914e-01,5.879301428794860840e-01
9.998952746391296387e-01,1.046225588652305305e-04
9.901002645492553711e-01,9.899685159325599670e-03
9.999542832374572754e-01,4.569465454551391304e-05
2.430554777383804321e-01,7.569445371627807617e-01
1.270401198416948318e-02,9.872960448265075684e-01
9.935957789421081543e-01,6.404188461601734161e-03
6.753675341606140137e-01,3.246324956417083740e-01
9.999627470970153809e-01,3.717252184287644923e-05
2.909351621838141000e-07,9.999997019767761230e-01
1.371332406997680664e-01,8.628668189048767090e-01
9.991564154624938965e-01,8.435372728854417801e-04
3.388306125998497009e-02,9.661169052124023438e-01
8.589680646764463745e-07,9.999991059303283691e-01
7.901629209518432617e-01,2.098371237516403198e-01
1.890785992145538330e-02,9.810922145843505859e-01
9.916620254516601562e-01,8.337970823049545288e-03
9.697138667106628418e-01,3.028597868978977203e-02
1.010564863681793213e-01,8.989434242248535156e-01
3.030710220336914062e-01,6.969289779663085938e-01
4.719605669379234314e-02,9.528039693832397461e-01
1.625708591745933518e-06,9.999982714653015137e-01
9.999843239784240723e-01,1.566933315189089626e-05
3.023551702499389648e-01,6.976448297500610352e-01
5.313795554684475064e-06,9.999945759773254395e-01
9.925236701965332031e-01,7.476276718080043793e-03
8.285740613937377930e-01,1.714259535074234009e-01
8.243743330240249634e-02,9.175624847412109375e-01
9.081810712814331055e-01,9.181895852088928223e-02
1.206775545142591000e-03,9.987933635711669922e-01
9.986223578453063965e-01,1.377594773657619953e-03
2.551610469818115234e-01,7.448389530181884766e-01
9.996334910392761230e-01,3.665200492832809687e-04
6.633306145668029785e-01,3.366693556308746338e-01
9.463077783584594727e-01,5.369226261973381042e-02
9.981777071952819824e-01,1.822286052629351616e-03
9.697528481483459473e-01,3.024713695049285889e-02
9.990968704223632812e-01,9.031955851241946220e-04
9.999995827674865723e-01,3.828663182048330782e-07
1.544072525575757027e-03,9.984558224678039551e-01
3.208858072757720947e-01,6.791141033172607422e-01
1.685071183601394296e-04,9.998314380645751953e-01
1.038588415269714460e-08,9.999999403953552246e-01
9.516024589538574219e-01,4.839757084846496582e-02
1.404828298836946487e-02,9.859517216682434082e-01
1.027933135628700256e-01,8.972066640853881836e-01
1.848853958819063337e-09,9.999999403953552246e-01
9.948374629020690918e-01,5.162472371011972427e-03
8.243350386619567871e-01,1.756649464368820190e-01
9.997423887252807617e-01,2.577087143436074257e-04
7.591922767460346222e-04,9.992408752441406250e-01
3.485627844929695129e-02,9.651436805725097656e-01
1.748542934656143188e-01,8.251457214355468750e-01
4.124368075281381607e-03,9.958755970001220703e-01
9.808914065361022949e-01,1.910854503512382507e-02
9.992381334304809570e-01,7.618904928676784039e-04
8.178574033081531525e-03,9.918213486671447754e-01
7.411903142929077148e-01,2.588098049163818359e-01
1.478862454717955188e-08,9.999999403953552246e-01
7.057473529130220413e-03,9.929425120353698730e-01
9.998576641082763672e-01,1.423689973307773471e-04
1.522518141428008676e-04,9.998478889465332031e-01
9.792089462280273438e-01,2.079108916223049164e-02
2.094395131280180067e-05,9.999789595603942871e-01
9.999936223030090332e-01,6.303131158347241580e-06
4.059464856982231140e-02,9.594054222106933594e-01
9.999379515647888184e-01,6.194691377459093928e-05
8.834940956603531959e-08,9.999998211860656738e-01
1.136569604277610779e-01,8.863431215286254883e-01
9.997020959854125977e-01,2.979542186949402094e-04
9.744026064872741699e-01,2.559730410575866699e-02
3.087225854396820068e-01,6.912774443626403809e-01
9.999997019767761230e-01,2.197740371912004775e-07
3.292254637926816940e-03,9.967076778411865234e-01
3.442210853099822998e-01,6.557789444923400879e-01
1.322500035166740417e-02,9.867750406265258789e-01
6.446900079026818275e-05,9.999354481697082520e-01
9.978821873664855957e-01,2.117794472724199295e-03
9.999999403953552246e-01,1.933635696005353566e-09
9.901397824287414551e-01,9.860189631581306458e-03
2.261091321706771851e-01,7.738908529281616211e-01
1.062894286474325156e-10,9.999999403953552246e-01
6.162508361740037799e-05,9.999383091926574707e-01
3.866412444040179253e-03,9.961335062980651855e-01
9.999999403953552246e-01,3.080284693979251642e-09
2.024332294240593910e-03,9.979757070541381836e-01
4.396340847015380859e-01,5.603659749031066895e-01
5.054767131805419922e-01,4.945232868194580078e-01
3.652402013540267944e-02,9.634760618209838867e-01
9.977169632911682129e-01,2.282975707203149796e-03
1.011571958661079407e-01,8.988428115844726562e-01
9.999999403953552246e-01,2.456788195104309125e-08
9.997177124023437500e-01,2.822686219587922096e-04
8.444334268569946289e-01,1.555666029453277588e-01
9.999524950981140137e-01,4.748489664052613080e-05
2.541719079017639160e-01,7.458281517028808594e-01
9.958856739103794098e-03,9.900411367416381836e-01
9.690590500831604004e-01,3.094090335071086884e-02
9.999867081642150879e-01,1.321904073847690597e-05
9.993467926979064941e-01,6.531827384606003761e-04
4.291804361855611205e-05,9.999570250511169434e-01
5.061004161834716797e-01,4.938995540142059326e-01
9.463753104209899902e-01,5.362465605139732361e-02
9.859408140182495117e-01,1.405925862491130829e-02
9.780406951904296875e-01,2.195919677615165710e-02
4.315998852252960205e-01,5.684000253677368164e-01
9.953625202178955078e-01,4.637574311345815659e-03
9.999999403953552246e-01,5.316565676594109391e-08
1.662485362048660154e-12,9.999999403953552246e-01
2.766967554634902626e-05,9.999722838401794434e-01
2.169616379887884250e-07,9.999997019767761230e-01
1.218677684664726257e-01,8.781321644783020020e-01
9.808772206306457520e-01,1.912262476980686188e-02
9.829319715499877930e-01,1.706805452704429626e-02
4.204381257295608521e-03,9.957956075668334961e-01
9.362557530403137207e-01,6.374423950910568237e-02
9.995231032371520996e-01,4.768375656567513943e-04
1.616366773760091746e-07,9.999998211860656738e-01
4.497784674167633057e-01,5.502216219902038574e-01
9.999905228614807129e-01,9.377923561260104179e-06
8.864087462425231934e-01,1.135912314057350159e-01
9.888864755630493164e-01,1.111338753253221512e-02
5.154081736691296101e-05,9.999484419822692871e-01
7.382327318191528320e-01,2.617671787738800049e-01
6.071077287197113037e-02,9.392891526222229004e-01
1.977310478687286377e-01,8.022689819335937500e-01
1.512343442300334573e-04,9.998488426208496094e-01
6.184514404594665393e-06,9.999937415122985840e-01
1.847049279604107141e-04,9.998152256011962891e-01
8.279635310173034668e-01,1.720364093780517578e-01
9.963150620460510254e-01,3.684998489916324615e-03
1.195630407892167568e-03,9.988042712211608887e-01
9.836977720260620117e-01,1.630219630897045135e-02
2.642653416842222214e-04,9.997358322143554688e-01
9.996929168701171875e-01,3.071571700274944305e-04
9.999980330467224121e-01,1.883061599983193446e-06
6.611840189291358100e-16,9.999999403953552246e-01
9.654035238781943917e-05,9.999033808708190918e-01
1.192781928693875670e-04,9.998806118965148926e-01
9.829310178756713867e-01,1.706902310252189636e-02
9.123355746269226074e-01,8.766430616378784180e-02
9.983997941017150879e-01,1.600217656232416630e-03
9.999999403953552246e-01,6.472699980164531297e-12
2.512531646061688662e-04,9.997488260269165039e-01
9.995647072792053223e-01,4.352544783614575863e-04
9.999970793724060059e-01,2.912065838245325722e-06
8.204142795875668526e-04,9.991795420646667480e-01
7.269700745382579044e-06,9.999926686286926270e-01
9.570330977439880371e-01,4.296680167317390442e-02
6.092527881264686584e-03,9.939075112342834473e-01
9.168177914781527530e-18,9.999999403953552246e-01
9.990648031234741211e-01,9.351942571811378002e-04
4.412471950054168701e-01,5.587528347969055176e-01
2.370894327759742737e-02,9.762910008430480957e-01
5.641446635127067566e-02,9.435856342315673828e-01
7.576875854283571243e-03,9.924231171607971191e-01
1.365045054768643240e-08,9.999999403953552246e-01
9.744197595864534378e-04,9.990255236625671387e-01
4.640087481453704366e-14,9.999999403953552246e-01
4.095119237899780273e-02,9.590488672256469727e-01
9.985219836235046387e-01,1.477936515584588051e-03
9.999904036521911621e-01,9.542605766910128295e-06
2.812919951975345612e-02,9.718707799911499023e-01
6.505850702524185181e-03,9.934941530227661133e-01
4.074131548404693604e-01,5.925868749618530273e-01
1.942192018032073975e-01,8.057808279991149902e-01
5.044505000114440918e-01,4.955495595932006836e-01
9.998686313629150391e-01,1.313422690145671368e-04
4.087218046188354492e-01,5.912781953811645508e-01
7.065221780067076907e-06,9.999929070472717285e-01
9.465087652206420898e-01,5.349116027355194092e-02
9.999998211860656738e-01,1.768570285776149831e-07
5.731616693083196878e-05,9.999426007270812988e-01
9.999970793724060059e-01,2.838599812093889341e-06
7.933060079813003540e-02,9.206694364547729492e-01
9.998607635498046875e-01,1.392191479681059718e-04
6.992475986480712891e-01,3.007523715496063232e-01
6.388091444969177246e-01,3.611908555030822754e-01
9.990787506103515625e-01,9.212712757289409637e-04
1.216520839619761318e-08,9.999999403953552246e-01
9.999341368675231934e-01,6.577181193279102445e-05
1.648742705583572388e-02,9.835126399993896484e-01
9.999620318412780762e-01,3.794638541876338422e-05
9.999999403953552246e-01,5.796560742510337150e-08
5.268838503980077803e-05,9.999472498893737793e-01
9.967873096466064453e-01,3.212675219401717186e-03
1.903691887855529785e-01,8.096308708190917969e-01
6.045116782188415527e-01,3.954882323741912842e-01
1.956746680662035942e-03,9.980431199073791504e-01
9.999997019767761230e-01,1.876674389222898753e-07
3.419264089643547777e-07,9.999995827674865723e-01
9.566181898117065430e-01,4.338180646300315857e-02
9.999999403953552246e-01,1.611974775883595612e-09
9.999988675117492676e-01,1.043184397531149443e-06
1.131699832512822468e-06,9.999988675117492676e-01
4.521547630429267883e-02,9.547845125198364258e-01
1.069267513230443001e-03,9.989307522773742676e-01
8.497339673340320587e-03,9.915027022361755371e-01
9.999547600746154785e-01,4.512929444899782538e-05
9.991713166236877441e-01,8.286157972179353237e-04
1.065446436405181885e-01,8.934553861618041992e-01
7.853908464312553406e-03,9.921460747718811035e-01
9.999981522560119629e-01,1.746675593494728673e-06
8.453064411878585815e-02,9.154693484306335449e-01
4.389600150034311810e-08,9.999999403953552246e-01
8.365237116813659668e-01,1.634762287139892578e-01
7.444681250490248203e-05,9.999254345893859863e-01
9.970434904098510742e-01,2.956430660560727119e-03
3.293935675173997879e-03,9.967060089111328125e-01
9.999973177909851074e-01,2.565139311627717689e-06
9.999998211860656738e-01,1.440568695443289471e-07
1.017868180497316644e-05,9.999898076057434082e-01
9.999387860298156738e-01,6.119839963503181934e-05
9.985505938529968262e-01,1.449413597583770752e-03
2.730537795869736328e-09,9.999999403953552246e-01
3.548529148101806641e-01,6.451469659805297852e-01
9.999999403953552246e-01,7.063692350223887972e-14
9.999998211860656738e-01,1.425258204790225136e-07
5.060980319976806641e-01,4.939020276069641113e-01
2.443362427584361285e-05,9.999755024909973145e-01
9.965929985046386719e-01,3.406963311135768890e-03
2.286313474178314209e-01,7.713685631752014160e-01
9.700101613998413086e-01,2.998987771570682526e-02
2.627536305226385593e-04,9.997372627258300781e-01
3.648417568058448524e-09,9.999999403953552246e-01
3.537743389606475830e-01,6.462255120277404785e-01
9.319359660148620605e-01,6.806404143571853638e-02
2.342794090509414673e-02,9.765720963478088379e-01
2.841387130320072174e-02,9.715861678123474121e-01
9.997916221618652344e-01,2.084446168737486005e-04
5.762884616851806641e-01,4.237115681171417236e-01
4.516475939908559667e-07,9.999994635581970215e-01
1.161201544164214283e-05,9.999883770942687988e-01
2.105483561754226685e-01,7.894517183303833008e-01
7.811604142189025879e-01,2.188396602869033813e-01
5.644278280669823289e-05,9.999434351921081543e-01
1.339443144388496876e-03,9.986605644226074219e-01
4.995073080062866211e-01,5.004926919937133789e-01
8.771516680717468262e-01,1.228482648730278015e-01
9.992209076881408691e-01,7.791303796693682671e-04
7.701497088419273496e-05,9.999229311943054199e-01
5.368976271711289883e-04,9.994632005691528320e-01
9.933182001113891602e-01,6.681764964014291763e-03
7.535147666931152344e-02,9.246484637260437012e-01
9.609364718198776245e-02,9.039064049720764160e-01
9.851025342941284180e-01,1.489739585667848587e-02
9.999994635581970215e-01,4.309207781716395402e-07
9.477816753644674463e-09,9.999999403953552246e-01
4.243768751621246338e-01,5.756231546401977539e-01
1.273506553843617439e-03,9.987264275550842285e-01
9.793699383735656738e-01,2.063007839024066925e-02
9.983026981353759766e-01,1.697343424893915653e-03
5.636612772941589355e-01,4.363388419151306152e-01
9.956399798393249512e-01,4.359947051852941513e-03
9.993365406990051270e-01,6.634848541580140591e-04
9.907029867172241211e-01,9.296972304582595825e-03
1.455225050449371338e-03,9.985447525978088379e-01
9.995347857475280762e-01,4.651942290365695953e-04
1.125018149614334106e-01,8.874981999397277832e-01
2.237802546005696058e-04,9.997761249542236328e-01
8.670702576637268066e-01,1.329296827316284180e-01
5.376135557889938354e-02,9.462386369705200195e-01
9.999920725822448730e-01,7.896232091297861189e-06
9.426637291908264160e-01,5.733633041381835938e-02
9.799861907958984375e-01,2.001382596790790558e-02
9.995563626289367676e-01,4.435937735252082348e-04
4.959373618476092815e-04,9.995040297508239746e-01
8.703095912933349609e-01,1.296904087066650391e-01
3.593099713325500488e-01,6.406900286674499512e-01
1.005556667223572731e-03,9.989943504333496094e-01
9.993021488189697266e-01,6.978844758123159409e-04
1.809892058372497559e-02,9.819011092185974121e-01
5.597703989224100951e-07,9.999993443489074707e-01
4.043321951030520722e-06,9.999958872795104980e-01
8.876574497662659269e-07,9.999991059303283691e-01
2.883321344852447510e-01,7.116678953170776367e-01
9.998328685760498047e-01,1.670828496571630239e-04
9.142186641693115234e-01,8.578137308359146118e-02
1.429588999599218369e-02,9.857041239738464355e-01
4.448142760793416528e-07,9.999994635581970215e-01
6.638278067111968994e-02,9.336171746253967285e-01
9.984995126724243164e-01,1.500543439760804176e-03
5.630105306408950128e-07,9.999993443489074707e-01
9.999958872795104980e-01,4.104958861717022955e-06
3.935784206987591460e-06,9.999960064888000488e-01
9.868521690368652344e-01,1.314778625965118408e-02
1.588420756161212921e-02,9.841156601905822754e-01
9.972043633460998535e-01,2.795588690787553787e-03
9.978032112121582031e-01,2.196888439357280731e-03
5.979688763618469238e-01,4.020312428474426270e-01
1.165146660059690475e-02,9.883484840393066406e-01
9.999260306358337402e-01,7.387068035313859582e-05
9.951114058494567871e-01,4.888480063527822495e-03
4.799811542034149170e-01,5.200189352035522461e-01
1.725069135427474976e-01,8.274929523468017578e-01
8.793377492111176252e-05,9.999119639396667480e-01
7.188301086425781250e-01,2.811698913574218750e-01
8.002811670303344727e-01,1.997187882661819458e-01
1.979436725378036499e-03,9.980204105377197266e-01
9.999169707298278809e-01,8.298936154460534453e-05
4.703988432884216309e-01,5.296010971069335938e-01
3.483711452645366080e-07,9.999995827674865723e-01
6.431604027748107910e-01,3.568395078182220459e-01
9.999623894691467285e-01,3.755520447157323360e-05
9.999999403953552246e-01,4.024306932137733384e-08
9.999905228614807129e-01,9.451187906961422414e-06
9.805933833122253418e-01,1.940664090216159821e-02
1.174239514512009919e-07,9.999998211860656738e-01
9.007828235626220703e-01,9.921719133853912354e-02
9.999952912330627441e-01,4.617853392119286582e-06
3.242829188820905983e-05,9.999675154685974121e-01
9.319327771663665771e-03,9.906806349754333496e-01
9.999366402626037598e-01,6.334936188068240881e-05
9.756391048431396484e-01,2.436077222228050232e-02
9.996774196624755859e-01,3.225601103622466326e-04
5.614274740219116211e-01,4.385725855827331543e-01
8.041630983352661133e-01,1.958368718624114990e-01
8.962589199654757977e-04,9.991037845611572266e-01
3.025580372195690870e-04,9.996974468231201172e-01
7.810329087078571320e-03,9.921895861625671387e-01
2.678650053503095485e-12,9.999999403953552246e-01
7.565305233001708984e-01,2.434694916009902954e-01
4.460749402642250061e-02,9.553925395011901855e-01
5.975124167889589444e-06,9.999939799308776855e-01
9.965842366218566895e-01,3.415731713175773621e-03
9.999331831932067871e-01,6.675922486465424299e-05
4.251439571380615234e-01,5.748560428619384766e-01
9.800485372543334961e-01,1.995149441063404083e-02
9.710944294929504395e-01,2.890557423233985901e-02
9.992635250091552734e-01,7.365482742898166180e-04
9.998531341552734375e-01,1.470047573093324900e-04
9.975363016128540039e-01,2.463554963469505310e-03
9.999088644981384277e-01,9.108276572078466415e-05
9.151711710728704929e-04,9.990848302841186523e-01
9.993428587913513184e-01,6.571189151145517826e-04
6.959173828363418579e-02,9.304081797599792480e-01
5.682904273271560669e-03,9.943170547485351562e-01
4.733294714242219925e-03,9.952666163444519043e-01
6.405477814830362604e-10,9.999999403953552246e-01
9.040338993072509766e-01,9.596617519855499268e-02
9.999678730964660645e-01,3.209485657862387598e-05
3.939614543924108148e-06,9.999960064888000488e-01
4.663570143748074770e-04,9.995335936546325684e-01
9.447201490402221680e-01,5.527978762984275818e-02
9.302156567573547363e-01,6.978427618741989136e-02
1.271744258701801300e-04,9.998729228973388672e-01
9.999474883079528809e-01,5.245996726443991065e-05
7.247520238161087036e-02,9.275246858596801758e-01
9.943219423294067383e-01,5.678024142980575562e-03
9.999991059303283691e-01,8.383454996874206699e-07
3.760797977447509766e-01,6.239202022552490234e-01
3.619121562223881483e-04,9.996380805969238281e-01
9.999998211860656738e-01,1.223569938701984938e-07
9.992973804473876953e-01,7.026788662187755108e-04
9.998404979705810547e-01,1.594820641912519932e-04
1.874343864619731903e-02,9.812565445899963379e-01
9.989683628082275391e-01,1.031540799885988235e-03
1.580411568284034729e-03,9.984195232391357422e-01
9.999981522560119629e-01,1.798388552742835600e-06
9.863570332527160645e-01,1.364305987954139709e-02
9.999904036521911621e-01,9.560660146235022694e-06
9.999999403953552246e-01,1.348719802507503118e-08
8.096894025802612305e-01,1.903105974197387695e-01
9.654147624969482422e-01,3.458517044782638550e-02
9.818250536918640137e-01,1.817490719258785248e-02
1.821181427885676385e-07,9.999997019767761230e-01
9.981945157051086426e-01,1.805493026040494442e-03
1.201723050326108932e-02,9.879826903343200684e-01
9.999704957008361816e-01,2.939080513897351921e-05
1.053806021809577942e-01,8.946193456649780273e-01
4.014675021171569824e-01,5.985324978828430176e-01
8.714095354080200195e-01,1.285903453826904297e-01
9.984942674636840820e-01,1.505651627667248249e-03
1.675575731496792287e-05,9.999831318855285645e-01
9.988083243370056152e-01,1.191618153825402260e-03
2.381965816020965576e-01,7.618034482002258301e-01
4.812573024537414312e-04,9.995186924934387207e-01
5.185653571970760822e-04,9.994813799858093262e-01
9.999735951423645020e-01,2.638641308294609189e-05
1.205339580774307251e-01,8.794659376144409180e-01
9.873981809960241662e-08,9.999998211860656738e-01
4.043711854251341720e-08,9.999999403953552246e-01
5.839276127517223358e-04,9.994159936904907227e-01
4.542465787380933762e-03,9.954574108123779297e-01
9.959875345230102539e-01,4.012436605989933014e-03
2.219082601368427277e-02,9.778090715408325195e-01
7.109507918357849121e-01,2.890492379665374756e-01
8.424036423093639314e-06,9.999914765357971191e-01
9.999946951866149902e-01,5.252119080978445709e-06
9.999954104423522949e-01,4.534716481430223212e-06
9.999997019767761230e-01,1.949583605664884089e-07
6.862463951110839844e-01,3.137534856796264648e-01
9.218928217887878418e-01,7.810717821121215820e-02
4.053409099578857422e-01,5.946590900421142578e-01
3.001306083660892909e-07,9.999995827674865723e-01
3.836667397990822792e-03,9.961633086204528809e-01
4.014050597039029236e-15,9.999999403953552246e-01
1.774436682462692261e-01,8.225563168525695801e-01
1.060150377452373505e-02,9.893984794616699219e-01
3.945585376641247422e-06,9.999960064888000488e-01
1.093468454200774431e-04,9.998906254768371582e-01
9.303844720125198364e-02,9.069615006446838379e-01
8.860217332839965820e-01,1.139782816171646118e-01
9.999904036521911621e-01,9.585675798007287085e-06
5.686879754066467285e-01,4.313120841979980469e-01
9.999983906745910645e-01,1.495486685598734766e-06
2.556924819946289062e-01,7.443073987960815430e-01
9.999999403953552246e-01,1.707810420858990597e-10
9.094122648239135742e-01,9.058771282434463501e-02
3.276136703789234161e-04,9.996724128723144531e-01
4.672873318195343018e-01,5.327126979827880859e-01
8.761702474657795392e-09,9.999999403953552246e-01
1.610895246267318726e-01,8.389104008674621582e-01
9.999426007270812988e-01,5.738267282140441239e-05
8.635193109512329102e-01,1.364807635545730591e-01
9.998309612274169922e-01,1.690938079264014959e-04
2.096805292239878327e-05,9.999789595603942871e-01
2.702157199382781982e-01,7.297842502593994141e-01
1.051442325115203857e-01,8.948557376861572266e-01
9.999896883964538574e-01,1.019313458527904004e-05
9.975726008415222168e-01,2.427340019494295120e-03
3.632006837506196462e-06,9.999963641166687012e-01
9.865889296634122729e-05,9.999012351036071777e-01
9.999993443489074707e-01,6.251637501009099651e-07
5.486835107149090618e-06,9.999944567680358887e-01
1.429854929447174072e-01,8.570144772529602051e-01
3.501048013276886195e-06,9.999964833259582520e-01
4.696221351623535156e-01,5.303778052330017090e-01
9.908742904663085938e-01,9.125540964305400848e-03
9.997673034667968750e-01,2.326413523405790329e-04
3.241011654608882964e-05,9.999675154685974121e-01
2.475920091171701642e-08,9.999999403953552246e-01
9.016491770744323730e-01,9.835086762905120850e-02
9.994391202926635742e-01,5.609221989288926125e-04
9.097388982772827148e-01,9.026101976633071899e-02
1.027448195964097977e-02,9.897254705429077148e-01
3.002786543220281601e-03,9.969971776008605957e-01
9.999790787696838379e-01,2.080301601381506771e-05
5.909201718168333173e-06,9.999939799308776855e-01
4.557513166218996048e-03,9.954425096511840820e-01
2.873657047748565674e-01,7.126343250274658203e-01
9.999999403953552246e-01,1.384661607595205624e-09
1.322520524263381958e-02,9.867748022079467773e-01
7.775520682334899902e-01,2.224479764699935913e-01
9.980696439743041992e-01,1.930286525748670101e-03
6.180322088766843081e-06,9.999937415122985840e-01
1.344241318292915821e-03,9.986558556556701660e-01
9.999999403953552246e-01,2.068931586927666805e-21
9.043734520673751831e-03,9.909561872482299805e-01
8.971520066261291504e-01,1.028479710221290588e-01
5.341472104191780090e-03,9.946585297584533691e-01
8.194992691278457642e-02,9.180499911308288574e-01
9.999877810478210449e-01,1.217269254993880168e-05
1.281656441278755665e-04,9.998719692230224609e-01
9.988576173782348633e-01,1.142334076575934887e-03
2.948233485221862793e-01,7.051766514778137207e-01
1.811115145683288574e-01,8.188884258270263672e-01
4.554075375199317932e-02,9.544591903686523438e-01
8.724581599235534668e-01,1.275418102741241455e-01
8.425216674804687500e-01,1.574782729148864746e-01
9.999769330024719238e-01,2.303775181644596159e-05
2.086254937694320688e-07,9.999997019767761230e-01
9.932631254196166992e-01,6.736796814948320389e-03
9.999961256980895996e-01,3.804992047662381083e-06
4.207774531096220016e-03,9.957921504974365234e-01
9.999867081642150879e-01,1.321851141256047413e-05
9.995129704475402832e-01,4.870077827945351601e-04
8.885197639465332031e-01,1.114801764488220215e-01
1.649900875644316756e-11,9.999999403953552246e-01
9.921922087669372559e-01,7.807776331901550293e-03
1.477265254568038699e-10,9.999999403953552246e-01
8.686491847038269043e-02,9.131350517272949219e-01
9.997937679290771484e-01,2.062031271634623408e-04
5.469958795807638996e-13,9.999999403953552246e-01
3.816815960511199535e-11,9.999999403953552246e-01
7.725666165351867676e-01,2.274332344532012939e-01
2.289261465193703771e-05,9.999770522117614746e-01
4.888294637203216553e-02,9.511170387268066406e-01
1.461814041249454021e-03,9.985380768775939941e-01
9.935286641120910645e-01,6.471312139183282852e-03
8.342521190643310547e-01,1.657478511333465576e-01
9.999949336051940918e-01,5.061561751062981784e-06
1.071598031558096409e-03,9.989283680915832520e-01
9.452834129333496094e-01,5.471655353903770447e-02
8.443974852561950684e-01,1.556024998426437378e-01
9.522528052330017090e-01,4.774706438183784485e-02
9.940748214721679688e-01,5.925105884671211243e-03
4.050887946505099535e-05,9.999594092369079590e-01
1.564642783825204164e-13,9.999999403953552246e-01
8.774222731590270996e-01,1.225777938961982727e-01
2.329721860587596893e-02,9.767027497291564941e-01
9.999997019767761230e-01,1.908337736722387490e-07
1.164224161520621692e-09,9.999999403953552246e-01
9.008996486663818359e-01,9.910037368535995483e-02
9.999828934669494629e-01,1.710393553366884589e-05
9.735379080666461959e-07,9.999989867210388184e-01
3.044613171368837357e-03,9.969554543495178223e-01
9.980037808418273926e-01,1.996222650632262230e-03
7.614465430378913879e-03,9.923855066299438477e-01
5.960821836126228845e-10,9.999999403953552246e-01
9.999255537986755371e-01,7.443212234647944570e-05
3.851286321878433228e-02,9.614870548248291016e-01
5.412310957908630371e-01,4.587688744068145752e-01
2.811878919601440430e-01,7.188120484352111816e-01
3.644984960556030273e-02,9.635501503944396973e-01
6.518140435218811035e-01,3.481860160827636719e-01
3.372224164195358753e-04,9.996627569198608398e-01
1.323079779069757933e-08,9.999999403953552246e-01
9.711814522743225098e-01,2.881848998367786407e-02
7.560574412345886230e-01,2.439425289630889893e-01
4.690672829747200012e-02,9.530932307243347168e-01
9.999683499336242676e-01,3.159406332997605205e-05
9.999739527702331543e-01,2.601050800876691937e-05
8.534257744940987322e-08,9.999998211860656738e-01
9.999831318855285645e-01,1.680392415437381715e-05
9.999708533287048340e-01,2.906411464209668338e-05
5.001315847039222717e-03,9.949986338615417480e-01
2.447183430194854736e-01,7.552816271781921387e-01
1.145006990554975346e-06,9.999987483024597168e-01
3.275334165664389729e-06,9.999967217445373535e-01
2.665955689735710621e-04,9.997334480285644531e-01
9.012674689292907715e-01,9.873240441083908081e-02
9.911164045333862305e-01,8.883547037839889526e-03
9.815127253532409668e-01,1.848715730011463165e-02
2.291948912898078561e-04,9.997708797454833984e-01
9.929605126380920410e-01,7.039492018520832062e-03
6.114170537330210209e-05,9.999387860298156738e-01
9.997794628143310547e-01,2.206545468652620912e-04
9.989564418792724609e-01,1.043362892232835293e-03
9.985710382461547852e-01,1.428969553671777248e-03
9.847718477249145508e-01,1.522825937718153000e-02
1.309599497290037107e-06,9.999986290931701660e-01
5.073307547718286514e-03,9.949266314506530762e-01
1.393066356714101062e-10,9.999999403953552246e-01
1.265971688553690910e-03,9.987340569496154785e-01
4.006001752543397743e-09,9.999999403953552246e-01
9.999999403953552246e-01,1.372476757894799948e-13
9.999932646751403809e-01,6.626121376029914245e-06
3.320775704196421430e-06,9.999966025352478027e-01
9.931452870368957520e-01,6.854626815766096115e-03
9.315545558929443359e-01,6.844553351402282715e-02
1.533022075891494751e-01,8.466978073120117188e-01
9.999999403953552246e-01,3.254136515806749230e-09
8.409914970397949219e-01,1.590085327625274658e-01
9.350332617759704590e-01,6.496674567461013794e-02
9.999956488609313965e-01,4.329939656599890441e-06
9.052459972735960037e-06,9.999908804893493652e-01
9.970365166664123535e-01,2.963434439152479172e-03
8.967638015747070312e-01,1.032362952828407288e-01
1.237272272192058153e-06,9.999987483024597168e-01
8.441105484962463379e-01,1.558894366025924683e-01
9.999909996986389160e-01,8.995224561658687890e-06
7.642123699188232422e-01,2.357875704765319824e-01
1.509087451267987490e-05,9.999848008155822754e-01
3.925605560652911663e-04,9.996075034141540527e-01
7.999097704887390137e-01,2.000902295112609863e-01
2.242798473162110895e-06,9.999976754188537598e-01
9.941826462745666504e-01,5.817394703626632690e-03
1.309728473424911499e-01,8.690271973609924316e-01
2.237003529444336891e-03,9.977629780769348145e-01
9.060871787369251251e-03,9.909391999244689941e-01
3.346210122108459473e-01,6.653789877891540527e-01
9.793881177902221680e-01,2.061187475919723511e-02
8.877500891685485840e-01,1.122498512268066406e-01
1.186669338494539261e-03,9.988133311271667480e-01
3.164069354534149170e-01,6.835929751396179199e-01
1.054190564900636673e-02,9.894580245018005371e-01
9.999999403953552246e-01,4.257322672174268519e-08
9.986556172370910645e-01,1.344447373412549496e-03
7.115733623504638672e-02,9.288425445556640625e-01
9.939914941787719727e-01,6.008543539792299271e-03
4.228372563375160098e-05,9.999576210975646973e-01
9.999069571495056152e-01,9.292005415773019195e-05
6.557019948959350586e-01,3.442979753017425537e-01
9.881555438041687012e-01,1.184454094618558884e-02
9.999999403953552246e-01,3.336051435098852380e-08
1.009316719091657433e-07,9.999998211860656738e-01
8.711597765795886517e-04,9.991288185119628906e-01
4.246989265084266663e-02,9.575300812721252441e-01
9.999864697456359863e-01,1.347921897831838578e-05
9.891727566719055176e-01,1.082719862461090088e-02
3.564173821359872818e-04,9.996435642242431641e-01
9.768631458282470703e-01,2.313684113323688507e-02
9.920873045921325684e-01,7.912699133157730103e-03
1.790802809409797192e-03,9.982092380523681641e-01
3.933788836002349854e-01,6.066210865974426270e-01
6.108999848365783691e-01,3.891001343727111816e-01
9.999919533729553223e-01,7.994553016033023596e-06
4.475186142371967435e-05,9.999552369117736816e-01
1.649114352020308871e-11,9.999999403953552246e-01
8.756262250244617462e-03,9.912436604499816895e-01
9.913616776466369629e-01,8.638365194201469421e-03
9.980670213699340820e-01,1.932950690388679504e-03
9.877726435661315918e-01,1.222742348909378052e-02
9.999544024467468262e-01,4.549078221316449344e-05
3.743525827303528786e-03,9.962564110755920410e-01
1.145602970126224918e-11,9.999999403953552246e-01
9.975561499595642090e-01,2.443756209686398506e-03
7.924065589904785156e-01,2.075933665037155151e-01
4.719191110780229792e-06,9.999951720237731934e-01
9.461023807525634766e-01,5.389762297272682190e-02
9.905964732170104980e-01,9.403465315699577332e-03
2.002868950366973877e-01,7.997130751609802246e-01
4.548340439214371145e-05,9.999544024467468262e-01
1.890112071123439819e-05,9.999809861183166504e-01
1.072225241927071693e-08,9.999999403953552246e-01
9.977751374244689941e-01,2.224804833531379700e-03
9.998865723609924316e-01,1.133338591898791492e-04
1.071845516562461853e-01,8.928154110908508301e-01
2.493791049346327782e-03,9.975060820579528809e-01
9.453194737434387207e-01,5.468054860830307007e-02
3.338320925831794739e-02,9.666168689727783203e-01
9.993745684623718262e-01,6.255023181438446045e-04
5.076274275779724121e-01,4.923725426197052002e-01
9.999604821205139160e-01,3.943322008126415312e-05
9.893084764480590820e-01,1.069149281829595566e-02
1.680438779294490814e-02,9.831956028938293457e-01
9.999911189079284668e-01,8.775704372965265065e-06
5.863089561462402344e-01,4.136909544467926025e-01
7.388612031936645508e-01,2.611388266086578369e-01
2.273485530167818069e-03,9.977265000343322754e-01
9.999999403953552246e-01,4.671831632663270284e-08
2.632074616849422455e-02,9.736792445182800293e-01
9.985250830650329590e-01,1.474841497838497162e-03
3.733584657311439514e-02,9.626641273498535156e-01
9.985921382904052734e-01,1.407808857038617134e-03
1.951345824636518955e-03,9.980486035346984863e-01
9.999367594718933105e-01,6.312490586424246430e-05
9.634998440742492676e-01,3.650014474987983704e-02
2.354136086069047451e-06,9.999975562095642090e-01
9.999763369560241699e-01,2.363713247177656740e-05
8.962742867879569530e-07,9.999989867210388184e-01
9.761559963226318359e-01,2.384408190846443176e-02
1.681172526903160067e-18,9.999999403953552246e-01
1.403180696070194244e-02,9.859681725502014160e-01
9.995247721672058105e-01,4.751406377181410789e-04
2.325422392459586263e-04,9.997675418853759766e-01
9.725603461265563965e-01,2.743968181312084198e-02
3.926604986190795898e-01,6.073395013809204102e-01
9.999874234199523926e-01,1.254598282685037702e-05
9.001407027244567871e-01,9.985927492380142212e-02
1.819611899554729462e-02,9.818038344383239746e-01
9.999567866325378418e-01,4.309763971832580864e-05
9.999976754188537598e-01,2.324041815882083029e-06
8.904370479285717010e-04,9.991095066070556641e-01
5.158635377883911133e-01,4.841364920139312744e-01
9.371024966239929199e-01,6.289748102426528931e-02
4.060699939727783203e-01,5.939300060272216797e-01
9.996918439865112305e-01,3.081755712628364563e-04
5.739749647792891096e-11,9.999999403953552246e-01
3.386161923408508301e-01,6.613838672637939453e-01
9.985895156860351562e-01,1.410457887686789036e-03
2.933597005903720856e-02,9.706640839576721191e-01
9.999166131019592285e-01,8.326235547428950667e-05
6.560834497213363647e-02,9.343916177749633789e-01
2.509246766567230225e-01,7.490752935409545898e-01
9.999999403953552246e-01,3.219508437624085673e-09
9.999998211860656738e-01,1.299562626400074805e-07
3.023529648780822754e-01,6.976469755172729492e-01
2.661840470263854286e-10,9.999999403953552246e-01
9.856176376342773438e-01,1.438228785991668701e-02
9.999985098838806152e-01,1.433606826140021440e-06
9.992569684982299805e-01,7.430206751450896263e-04
1.415550410747528076e-01,8.584448695182800293e-01
3.685919435338427808e-14,9.999999403953552246e-01
4.795361019205302000e-05,9.999520182609558105e-01
9.997777938842773438e-01,2.223292394774034619e-04
9.997510910034179688e-01,2.489382750354707241e-04
8.317505489685572684e-06,9.999915957450866699e-01
9.997706413269042969e-01,2.294144069310277700e-04
1.583831502093620974e-14,9.999999403953552246e-01
4.496952593326568604e-01,5.503047704696655273e-01
9.076955318450927734e-01,9.230435639619827271e-02
7.997896522283554077e-03,9.920021295547485352e-01
2.114252932369709015e-02,9.788575172424316406e-01
9.808491468429565430e-01,1.915076188743114471e-02
9.982435107231140137e-01,1.756489626131951809e-03
9.954227805137634277e-01,4.577160812914371490e-03
9.999950528144836426e-01,4.859724867856130004e-06
2.191101759672164917e-01,7.808899283409118652e-01
1.702426001429557800e-03,9.982976913452148438e-01
9.987393021583557129e-01,1.260741613805294037e-03
9.788519144058227539e-01,2.114793844521045685e-02
9.854483604431152344e-01,1.455157715827226639e-02
9.290139079093933105e-01,7.098614424467086792e-02
3.798877894878387451e-01,6.201122403144836426e-01
4.771581590175628662e-01,5.228418707847595215e-01
9.893465638160705566e-01,1.065341569483280182e-02
2.500312170013785362e-03,9.974997043609619141e-01
9.999998211860656738e-01,1.161517033665404597e-07
9.999997019767761230e-01,2.448854274916811846e-07
9.999083876609802246e-01,9.149844117928296328e-05
3.170144813324782262e-09,9.999999403953552246e-01
4.125756447592721088e-08,9.999999403953552246e-01
2.675666621598793427e-07,9.999997019767761230e-01
9.999999403953552246e-01,1.177874064950401589e-08
6.091147661209106445e-01,3.908852934837341309e-01
1.463081454858183861e-03,9.985368847846984863e-01
2.016780492608560849e-10,9.999999403953552246e-01
6.275814175605773926e-01,3.724185228347778320e-01
1.481672469526529312e-02,9.851832389831542969e-01
3.138713072985410690e-04,9.996861219406127930e-01
9.885865449905395508e-01,1.141345780342817307e-02
9.393594861030578613e-01,6.064046919345855713e-02
1.685374263615813106e-05,9.999831318855285645e-01
6.190009298734366894e-04,9.993810057640075684e-01
9.743705391883850098e-01,2.562932856380939484e-02
9.928890466690063477e-01,7.110917009413242340e-03
2.751469607709111642e-10,9.999999403953552246e-01
2.474218457937240601e-01,7.525781989097595215e-01
6.716042160987854004e-01,3.283957540988922119e-01
6.758928894996643066e-01,3.241071105003356934e-01
9.999122023582458496e-01,8.773987065069377422e-05
9.567447900772094727e-01,4.325528815388679504e-02
1.874417625367641449e-02,9.812558293342590332e-01
9.796194717637263238e-07,9.999989867210388184e-01
9.990898370742797852e-01,9.101792238652706146e-04
9.986815452575683594e-01,1.318446244113147259e-03
9.992952346801757812e-01,7.047901162877678871e-04
1.981419026851654053e-01,8.018580675125122070e-01
7.992357015609741211e-01,2.007642537355422974e-01
8.560968041419982910e-01,1.439030915498733521e-01
9.999679923057556152e-01,3.196482794010080397e-05
9.811179041862487793e-01,1.888216659426689148e-02
9.580851197242736816e-01,4.191486537456512451e-02
1.085308790206909180e-01,8.914690017700195312e-01
9.999131560325622559e-01,8.677475125296041369e-05
9.999528527259826660e-01,4.710271241492591798e-05
9.999999403953552246e-01,7.544421087857244856e-09
9.996715784072875977e-01,3.284683916717767715e-04
9.780244827270507812e-01,2.197539806365966797e-02
9.996059536933898926e-01,3.940292808692902327e-04
5.828017037856625393e-06,9.999940991401672363e-01
9.018488973379135132e-02,9.098150134086608887e-01
9.923908114433288574e-01,7.609170395880937576e-03
9.999803900718688965e-01,1.959950350283179432e-05
9.995668530464172363e-01,4.331518430262804031e-04
9.998202323913574219e-01,1.797160075511783361e-04
9.999995827674865723e-01,3.366249927694298094e-07
1.827428489923477173e-02,9.817256927490234375e-01
9.998569488525390625e-01,1.430716074537485838e-04
9.997851848602294922e-01,2.149205538444221020e-04
3.868231177330017090e-02,9.613177180290222168e-01
9.990860223770141602e-01,9.139402536675333977e-04
1.777845621109008789e-02,9.822214245796203613e-01
9.999998211860656738e-01,9.498414499375940068e-08
9.992742538452148438e-01,7.258405676111578941e-04
1.670411378145217896e-01,8.329588770866394043e-01
9.020783901214599609e-01,9.792159497737884521e-02
9.996486902236938477e-01,3.513632400427013636e-04
9.999999403953552246e-01,7.112854749635744156e-09
9.894258379936218262e-01,1.057416480034589767e-02
9.521353244781494141e-01,4.786464944481849670e-02
2.773398719727993011e-02,9.722660183906555176e-01
9.496089816093444824e-01,5.039108917117118835e-02
4.517107084393501282e-02,9.548290371894836426e-01
8.168681859970092773e-01,1.831317842006683350e-01
9.999999403953552246e-01,1.781521929977714080e-09
1.245906314579769969e-04,9.998755455017089844e-01
1.325217038393020630e-01,8.674783110618591309e-01
5.058273077011108398e-01,4.941726624965667725e-01
2.280815533595159650e-04,9.997718334197998047e-01
9.278271794319152832e-01,7.217278331518173218e-02
1.332389712333679199e-01,8.667610287666320801e-01
3.224020517222925264e-08,9.999999403953552246e-01
3.446153178811073303e-02,9.655385017395019531e-01
6.601800851058214903e-05,9.999338984489440918e-01
9.999930262565612793e-01,6.937640137039124966e-06
6.619714549742639065e-04,9.993379712104797363e-01
2.770100533962249756e-01,7.229899764060974121e-01
4.696332812309265137e-01,5.303666591644287109e-01
9.999778866767883301e-01,2.199892514909151942e-05
9.735465645790100098e-01,2.645338140428066254e-02
2.144075036048889160e-01,7.855923771858215332e-01
7.687422330491244793e-04,9.992312192916870117e-01
9.990457892417907715e-01,9.542520856484770775e-04
6.532592815347015858e-04,9.993466734886169434e-01
7.045591715723276138e-03,9.929544925689697266e-01
4.902541661522263894e-08,9.999999403953552246e-01
1.330355559048257419e-07,9.999998211860656738e-01
3.392189368605613708e-02,9.660781025886535645e-01
1.661367015913128853e-03,9.983386397361755371e-01
5.068216845393180847e-02,9.493178725242614746e-01
9.999623894691467285e-01,3.750838368432596326e-05
9.806149005889892578e-01,1.938506029546260834e-02
2.023899869527667761e-04,9.997975826263427734e-01
8.818443417549133301e-01,1.181556060910224915e-01
9.991728663444519043e-01,8.270491962321102619e-04
9.912616014480590820e-01,8.738355711102485657e-03
4.418356693349778652e-04,9.995581507682800293e-01
6.495272517204284668e-01,3.504726886749267578e-01
9.998245239257812500e-01,1.754883705871179700e-04
9.999654889106750488e-01,3.444396861596032977e-05
9.937037229537963867e-01,6.296208593994379044e-03
9.197742342948913574e-01,8.022569864988327026e-02
9.999999403953552246e-01,2.507628327208522023e-09
8.894626498222351074e-01,1.105372831225395203e-01
4.570664837956428528e-02,9.542933106422424316e-01
6.839561462402343750e-01,3.160438537597656250e-01
3.695968771353363991e-04,9.996303915977478027e-01
9.009646177291870117e-01,9.903536736965179443e-02
9.999989867210388184e-01,9.303012120653875172e-07
1.179863978177309036e-02,9.882013797760009766e-01
3.128603225377446506e-07,9.999995827674865723e-01
9.994455575942993164e-01,5.544153973460197449e-04
9.889845848083496094e-01,1.101539377123117447e-02
7.580050720434883260e-08,9.999998211860656738e-01
8.337604999542236328e-01,1.662394255399703979e-01
1.891824998892843723e-03,9.981080889701843262e-01
1.873315311968326569e-02,9.812667965888977051e-01
9.996535778045654297e-01,3.463754255790263414e-04
9.999900460243225098e-01,9.895718903862871230e-06
9.841527342796325684e-01,1.584720425307750702e-02
6.529276967048645020e-01,3.470721840858459473e-01
6.715999916195869446e-04,9.993283152580261230e-01
9.999998211860656738e-01,1.332059298420062987e-07
1.953195482492446899e-01,8.046805262565612793e-01
9.057680964469909668e-01,9.423196315765380859e-02
9.999995827674865723e-01,3.073083405524812406e-07
9.308090806007385254e-01,6.919094175100326538e-02
8.413836956024169922e-01,1.586163192987442017e-01
1.168506918475031853e-03,9.988314509391784668e-01
9.994271993637084961e-01,5.727140814997255802e-04
9.996126294136047363e-01,3.873564710374921560e-04
9.999863505363464355e-01,1.358777444693259895e-05
9.999997019767761230e-01,2.040770397115920787e-07
6.420575380325317383e-01,3.579424917697906494e-01
4.752331599593162537e-02,9.524766802787780762e-01
7.037050803182509640e-11,9.999999403953552246e-01
9.999998211860656738e-01,7.288134185046146740e-08
6.950509548187255859e-02,9.304948449134826660e-01
1.697872579097747803e-02,9.830212593078613281e-01
9.583477973937988281e-01,4.165209829807281494e-02
9.927709102630615234e-01,7.229059934616088867e-03
5.117405671626329422e-04,9.994881749153137207e-01
1.610619526637435683e-09,9.999999403953552246e-01
9.999992251396179199e-01,7.465450835297815502e-07
9.999998211860656738e-01,1.664443942672733101e-07
1.984605789184570312e-01,8.015393018722534180e-01
5.938822350559647134e-12,9.999999403953552246e-01
4.589098989963531494e-01,5.410901308059692383e-01
9.999948143959045410e-01,5.101658189232693985e-06
